time,r,a,ld,s,qdel,min_c,max_c,min_b,max_b,min_if,max_if
7.70s,6.00,6.00,0.00,6.00,0,6.00,120.00,0.06,120.00,0.00,0.00
5.70s,7.00,13.00,0.00,13.00,0,7.00,120.00,0.06,120.00,0.00,0.00
4.53s,8.00,21.00,0.00,21.00,0,8.00,120.00,0.06,120.00,0.00,0.00
4.45s,9.00,30.00,0.00,30.00,0,9.00,120.00,0.06,120.00,0.00,0.00
4.14s,10.00,40.00,0.00,40.00,0,10.00,120.00,0.06,120.00,0.00,0.00
4.02s,11.00,51.00,0.00,51.00,0,11.00,120.00,0.06,120.00,0.00,0.00
4.08s,12.00,63.00,0.00,63.00,0,12.00,120.00,0.06,120.00,0.00,0.00
4.33s,13.00,76.00,0.00,76.00,0,13.00,120.00,0.06,120.00,0.00,0.00
4.35s,14.00,90.00,0.00,90.00,0,14.00,120.00,0.06,120.00,0.00,0.00
3.77s,28.00,118.00,0.00,110.00,0,20.02,120.00,0.06,120.00,0.06,8.00
5.67s,20.02,138.02,0.00,130.00,0,20.02,120.00,0.03,120.00,8.02,8.02
7.22s,20.02,158.03,0.00,150.00,0,20.02,120.00,0.06,120.00,8.03,8.03
4.93s,21.02,179.05,0.00,170.00,0,20.02,120.00,0.03,120.00,8.06,9.05
8.11s,21.02,200.07,0.00,190.00,0,18.02,120.00,0.06,120.00,7.08,10.07
10.24s,19.02,219.09,0.07,210.00,0,18.02,20.92,0.08,9.99,8.00,9.02
8.16s,36.05,255.14,0.07,230.00,0,18.00,20.95,0.12,9.98,7.05,11.85
15.70s,9.00,264.14,15.14,249.00,0,20.02,20.96,0.02,9.98,0.00,0.00
4.43s,20.02,284.16,15.14,269.00,0,20.04,20.98,0.04,9.99,0.02,0.02
4.21s,20.04,304.19,15.14,289.00,0,20.01,29.97,0.02,9.97,0.05,0.05
5.93s,20.01,324.20,15.14,309.00,0,20.04,120.00,0.03,120.00,0.06,0.06
7.02s,20.04,344.24,15.14,329.00,0,20.00,120.00,0.05,120.00,0.10,0.10
7.20s,20.00,364.24,15.14,349.00,0,20.00,120.00,0.05,120.00,0.10,0.10
7.44s,20.00,384.24,15.14,369.00,0,19.99,120.00,0.05,120.00,0.10,0.10
8.81s,19.99,404.23,15.14,389.00,0,19.98,120.00,0.05,120.00,0.09,0.09
10.38s,20.98,425.22,15.14,409.00,0,20.00,120.00,0.06,120.00,0.10,1.08
11.64s,20.00,445.22,15.14,429.00,0,19.99,120.00,0.06,120.00,1.08,1.08
10.04s,20.99,466.21,15.14,449.00,0,20.00,120.00,0.05,120.00,1.07,2.07
12.63s,21.00,487.21,15.14,469.00,0,20.01,120.00,0.06,120.00,2.06,3.07
10.36s,21.01,508.22,15.14,489.00,0,19.77,120.00,0.06,120.00,2.80,4.08
15.29s,19.77,527.98,15.14,509.00,0,19.75,120.00,0.06,120.00,3.84,3.84
10.96s,20.75,548.73,15.14,529.00,0,19.50,120.00,0.06,120.00,3.34,4.59
9.81s,20.50,569.23,15.14,549.00,0,19.27,120.00,0.06,120.00,3.86,5.09
13.15s,20.27,589.50,15.14,569.00,0,18.99,120.00,0.06,120.00,4.10,5.36
12.00s,19.99,609.49,15.14,589.00,0,19.06,120.00,0.06,120.00,4.43,5.35
11.97s,20.06,629.55,15.14,609.00,0,18.88,120.00,0.06,120.00,4.22,5.41
13.03s,19.88,649.42,15.14,629.00,0,18.73,120.00,0.06,120.00,4.17,5.28
11.58s,19.73,669.15,15.14,649.00,0,18.67,120.00,0.06,120.00,3.96,5.01
10.77s,19.67,688.82,15.14,669.00,0,18.68,120.00,0.06,120.00,3.69,4.68
12.68s,19.68,708.50,15.14,689.00,0,18.67,120.00,0.06,120.00,3.34,4.36
12.25s,19.67,728.17,15.14,709.00,0,18.69,120.00,0.06,120.00,3.05,4.03
12.02s,18.69,746.85,15.14,729.00,0,18.76,120.00,0.06,120.00,2.71,2.71
7.52s,19.76,766.61,15.14,749.00,0,18.86,120.00,0.06,120.00,1.70,2.47
8.29s,19.86,786.47,15.14,769.00,0,18.94,120.00,0.04,120.00,1.39,2.33
8.72s,19.94,806.42,15.14,789.00,0,19.12,120.00,0.06,120.00,1.46,2.28
8.32s,20.12,826.54,15.14,809.00,0,19.33,120.00,0.06,120.00,1.62,2.40
11.23s,20.33,846.88,15.14,829.00,0,19.42,120.00,0.06,120.00,1.80,2.74
7.26s,20.42,867.29,15.14,849.00,0,19.42,120.00,0.06,120.00,2.17,3.15
9.02s,20.42,887.71,15.14,869.00,0,19.46,120.00,0.06,120.00,2.62,3.57
9.25s,20.46,908.17,15.14,889.00,0,19.42,120.00,0.06,120.00,3.02,4.03
11.37s,20.42,928.59,15.14,909.00,0,19.34,120.00,0.06,120.00,3.37,4.45
12.55s,20.34,948.92,15.14,929.00,0,19.22,120.00,0.06,120.00,3.66,4.78
12.31s,20.22,969.14,15.14,949.00,0,19.14,120.00,0.06,120.00,3.91,5.00
12.52s,20.14,989.28,15.14,969.00,0,19.02,120.00,0.06,120.00,4.02,5.14
10.97s,20.02,1009.30,15.14,989.00,0,18.91,120.00,0.06,120.00,4.04,5.16
12.98s,19.91,1029.22,15.14,1009.00,0,18.81,120.00,0.06,120.00,4.01,5.08
13.33s,19.81,1049.02,15.14,1029.00,0,18.78,120.00,0.06,120.00,3.86,4.88
12.40s,19.78,1068.80,15.14,1049.00,0,18.75,120.00,0.06,120.00,3.61,4.66
13.18s,19.75,1088.55,15.14,1069.00,0,18.72,120.00,0.06,120.00,3.38,4.41
11.10s,19.72,1108.28,15.14,1089.00,0,18.74,120.00,0.06,120.00,3.17,4.14
13.47s,19.74,1128.02,15.14,1109.00,0,18.80,120.00,0.06,120.00,2.97,3.88
10.34s,19.80,1147.82,15.14,1129.00,0,18.86,120.00,0.06,120.00,2.76,3.68
12.24s,19.86,1167.67,15.14,1149.00,0,18.91,120.00,0.04,120.00,2.59,3.53
10.07s,19.91,1187.58,15.14,1169.00,0,19.00,120.00,0.06,120.00,2.53,3.44
11.77s,20.00,1207.58,15.14,1189.00,0,19.06,120.00,0.06,120.00,2.47,3.44
10.37s,20.06,1227.64,15.14,1209.00,0,19.10,120.00,0.06,120.00,2.57,3.50
10.97s,20.10,1247.74,15.14,1229.00,0,19.16,120.00,0.06,120.00,2.65,3.60
10.85s,20.16,1267.90,15.14,1249.00,0,19.16,120.00,0.06,120.00,2.76,3.76
11.00s,19.16,1287.06,15.14,1269.00,0,19.15,120.00,0.06,120.00,2.92,2.92
8.40s,20.15,1307.20,15.14,1289.00,0,19.13,120.00,0.06,120.00,2.06,3.06
9.86s,20.13,1327.33,15.14,1309.00,0,19.12,120.00,0.06,120.00,2.19,3.19
12.52s,20.12,1347.44,15.14,1329.00,0,19.08,120.00,0.06,120.00,2.27,3.30
11.71s,20.08,1367.53,15.14,1349.00,0,19.29,120.00,0.06,120.00,2.60,3.39
11.64s,20.29,1387.82,15.14,1369.00,0,19.25,120.00,0.06,120.00,2.65,3.68
14.13s,20.25,1408.07,15.14,1389.00,0,19.23,120.00,0.06,120.00,2.89,3.93
12.94s,20.23,1428.31,15.14,1409.00,0,19.18,120.00,0.06,120.00,3.12,4.17
14.57s,20.18,1448.49,15.14,1429.00,0,19.18,120.00,0.06,120.00,3.33,4.35
14.12s,20.18,1468.67,15.14,1449.00,0,19.10,120.00,0.06,120.00,3.43,4.53
12.69s,20.10,1488.77,15.14,1469.00,0,19.03,120.00,0.06,120.00,3.54,4.63
14.06s,20.03,1508.80,15.14,1489.00,0,18.99,120.00,0.06,120.00,3.60,4.66
14.21s,19.99,1528.79,15.14,1509.00,0,18.92,120.00,0.06,120.00,3.60,4.65
12.45s,19.92,1548.71,15.14,1529.00,0,18.89,120.00,0.06,120.00,3.54,4.57
12.73s,19.89,1568.60,15.14,1549.00,0,18.86,120.00,0.06,120.00,3.42,4.46
12.77s,19.86,1588.46,15.14,1569.00,0,18.87,120.00,0.06,120.00,3.31,4.32
11.51s,19.87,1608.33,15.14,1589.00,0,18.85,120.00,0.06,120.00,3.17,4.19
12.26s,19.85,1628.18,15.14,1609.00,0,18.86,120.00,0.06,120.00,3.06,4.04
10.31s,19.86,1648.04,15.14,1629.00,0,18.92,120.00,0.06,120.00,2.92,3.90
11.89s,18.92,1666.96,15.14,1649.00,0,18.92,120.00,0.06,120.00,2.82,2.82
9.30s,19.92,1686.88,15.14,1669.00,0,18.96,120.00,0.06,120.00,1.84,2.74
10.12s,19.96,1706.85,15.14,1689.00,0,19.02,120.00,0.04,120.00,1.74,2.71
9.81s,20.02,1726.87,15.14,1709.00,0,19.07,120.00,0.06,120.00,1.79,2.73
11.65s,19.07,1745.94,15.14,1729.00,0,19.33,120.00,0.06,120.00,1.80,1.80
7.96s,20.33,1766.27,15.14,1749.00,0,19.34,120.00,0.06,120.00,1.37,2.13
12.66s,20.34,1786.61,15.14,1769.00,0,19.34,120.00,0.05,120.00,1.47,2.47
11.42s,20.34,1806.95,15.14,1789.00,0,19.44,120.00,0.06,120.00,1.89,2.81
10.13s,20.44,1827.39,15.14,1809.00,0,19.59,120.00,0.06,120.00,2.38,3.25
10.82s,20.59,1847.97,15.14,1829.00,0,19.48,120.00,0.06,120.00,2.75,3.83
10.62s,20.48,1868.46,15.14,1849.00,0,19.38,120.00,0.06,120.00,3.24,4.32
13.00s,20.38,1888.84,15.14,1869.00,0,19.30,120.00,0.06,120.00,3.63,4.70
13.96s,20.30,1909.14,15.14,1889.00,0,19.22,120.00,0.06,120.00,3.90,5.00
11.95s,20.22,1929.35,15.14,1909.00,0,19.06,120.00,0.06,120.00,4.07,5.21
