time,r,a,ld,s,qdel,min_c,max_c,min_b,max_b
4.47s,5.00,5.00,0.00,0.04,0,5.00,119.94,0.04,119.94
3.90s,5.00,10.00,0.00,5.01,0,5.00,119.94,0.04,119.94
2.74s,5.00,15.00,0.00,10.00,0,5.00,119.94,0.06,119.94
2.53s,5.00,20.00,0.00,15.00,0,5.00,119.94,0.06,119.94
2.19s,5.00,25.00,0.00,20.00,0,5.02,119.94,0.06,119.94
3.07s,5.02,30.02,0.00,25.00,1,5.02,119.94,0.03,119.94
3.03s,5.02,35.04,0.00,30.02,1,5.00,119.94,0.03,119.94
3.26s,5.00,40.04,0.00,35.04,1,5.02,119.94,0.00,119.94
2.34s,5.02,45.06,0.00,40.04,1,5.00,119.94,0.04,119.94
3.00s,5.00,50.06,0.00,45.06,1,5.00,119.94,0.06,119.94
2.72s,5.00,55.06,0.00,50.06,1,5.00,119.94,0.04,119.94
3.10s,5.00,60.06,0.00,55.06,1,5.00,119.94,0.02,119.94
3.27s,5.00,65.06,0.00,60.06,1,5.00,119.94,0.02,119.94
3.38s,5.00,70.06,0.00,65.06,1,5.00,119.94,0.06,119.94
3.06s,5.00,75.06,0.00,70.06,1,5.00,119.94,0.06,119.94
3.38s,5.00,80.06,0.00,75.06,1,5.00,119.94,0.06,119.94
3.45s,5.00,85.06,0.00,80.06,1,5.00,119.94,0.06,119.94
2.90s,5.00,90.06,0.00,85.06,1,5.00,119.94,0.06,119.94
2.92s,5.00,95.06,0.00,90.06,1,5.00,119.94,0.06,119.94
2.95s,5.00,100.06,0.00,95.06,1,5.00,119.94,0.06,119.94
3.16s,5.00,105.06,0.00,100.06,1,5.00,119.94,0.06,119.94
3.28s,5.00,110.06,0.00,105.06,1,5.00,119.94,0.06,119.94
2.84s,5.00,115.06,0.00,110.06,1,5.00,119.94,0.06,119.94
2.76s,5.00,120.06,0.00,115.06,1,5.00,119.94,0.06,119.94
3.10s,5.00,125.06,0.00,120.06,1,5.00,119.94,0.06,119.94
3.33s,5.00,130.06,0.00,125.06,1,5.00,119.94,0.06,119.94
3.43s,5.00,135.06,0.00,130.06,1,5.00,119.94,0.06,119.94
3.09s,5.00,140.06,0.00,135.06,1,5.00,119.94,0.06,119.94
3.05s,5.00,145.06,0.00,140.06,1,5.00,119.94,0.06,119.94
3.08s,5.00,150.06,0.00,145.06,1,5.00,119.94,0.06,119.94
3.04s,5.00,155.06,0.00,150.06,1,5.00,119.94,0.06,119.94
2.97s,5.00,160.06,0.00,155.06,1,5.00,119.94,0.06,119.94
3.07s,5.00,165.06,0.00,160.06,1,5.00,119.94,0.06,119.94
3.12s,5.00,170.06,0.00,165.06,1,5.00,119.94,0.06,119.94
3.24s,5.00,175.06,0.00,170.06,1,5.00,119.94,0.06,119.94
3.33s,5.00,180.06,0.00,175.06,1,5.00,119.94,0.06,119.94
2.78s,5.00,185.06,0.00,180.06,1,5.00,119.94,0.06,119.94
2.77s,5.00,190.06,0.00,185.06,1,5.00,119.94,0.06,119.94
2.78s,5.00,195.06,0.00,190.06,1,5.00,119.94,0.06,119.94
3.04s,5.00,200.06,0.00,195.06,1,5.00,119.94,0.06,119.94
2.76s,5.00,205.06,0.00,200.06,1,5.00,119.94,0.06,119.94
2.80s,5.00,210.06,0.00,205.06,1,5.00,119.94,0.06,119.94
3.11s,5.00,215.06,0.00,210.06,1,5.00,119.94,0.06,119.94
2.80s,5.00,220.06,0.00,215.06,1,5.00,119.94,0.06,119.94
2.80s,5.00,225.06,0.00,220.06,1,5.00,119.94,0.06,119.94
2.81s,5.00,230.06,0.00,225.06,1,5.00,119.94,0.06,119.94
2.86s,5.00,235.06,0.00,230.06,1,5.00,119.94,0.06,119.94
2.70s,5.00,240.06,0.00,235.06,1,5.00,119.94,0.06,119.94
2.77s,5.00,245.06,0.00,240.06,1,5.00,119.94,0.06,119.94
2.53s,5.00,250.06,0.00,245.06,1,5.00,119.94,0.06,119.94
3.18s,5.00,255.06,0.00,250.06,1,5.00,119.94,0.06,119.94
3.48s,5.00,260.06,0.00,255.06,1,5.00,119.94,0.06,119.94
3.39s,5.00,265.06,0.00,260.06,1,5.00,119.94,0.06,119.94
3.22s,5.00,270.06,0.00,265.08,0,5.00,119.94,0.06,119.94
4.17s,5.00,275.06,0.00,270.07,0,5.00,119.94,0.06,119.94
3.97s,5.00,280.06,0.00,275.07,0,5.00,119.94,0.06,119.94
3.96s,5.00,285.06,0.00,280.06,0,5.01,119.94,0.06,119.94
3.56s,5.01,290.08,0.00,285.06,0,5.00,119.94,0.00,119.94
3.94s,5.00,295.08,0.00,290.08,1,5.00,119.94,0.03,119.94
3.29s,5.00,300.08,0.00,295.08,1,5.00,119.94,0.01,119.94
3.19s,5.00,305.08,0.00,300.08,1,5.00,119.94,0.01,119.94
3.23s,5.00,310.08,0.00,305.08,1,5.00,119.94,0.01,119.94
3.74s,5.00,315.08,0.00,310.10,0,5.00,119.94,0.06,119.94
3.70s,5.00,320.08,0.00,315.09,0,5.00,119.94,0.06,119.94
3.97s,5.00,325.08,0.00,320.08,0,5.00,119.94,0.06,119.94
3.60s,5.00,330.08,0.00,325.08,0,5.00,119.94,0.00,119.94
3.19s,5.00,335.08,0.00,330.08,0,5.00,119.94,0.00,119.94
2.72s,5.00,340.08,0.00,335.08,1,5.00,119.94,0.06,119.94
3.08s,5.00,345.09,0.00,340.08,1,5.00,119.94,0.00,119.94
3.26s,5.00,350.09,0.00,345.09,1,5.00,119.94,0.00,119.94
3.42s,5.00,355.09,0.00,350.09,0,5.00,119.94,0.06,119.94
3.43s,5.00,360.09,0.00,355.09,1,5.00,119.94,0.06,119.94
3.65s,5.00,365.09,0.00,360.09,1,5.00,119.94,0.00,119.94
2.78s,5.00,370.09,0.00,365.09,1,5.00,119.94,0.00,119.94
2.53s,5.00,375.09,0.00,370.09,1,5.00,119.94,0.00,119.94
2.91s,5.00,380.10,0.00,375.11,0,5.00,119.94,0.00,119.94
3.15s,5.00,385.10,0.00,380.10,0,5.01,119.94,0.06,119.94
3.18s,5.01,390.11,0.00,385.10,0,5.00,119.94,0.06,119.94
3.38s,5.00,395.11,0.00,390.11,0,5.00,119.94,0.01,119.94
3.15s,5.00,400.11,0.00,395.11,1,5.00,119.94,0.02,119.94
3.02s,5.00,405.11,0.00,400.11,1,5.00,119.94,0.01,119.94
3.03s,5.00,410.11,0.00,405.11,1,5.01,119.94,0.06,119.94
3.08s,5.01,415.12,0.00,410.11,1,5.00,119.94,0.00,119.94
2.45s,5.00,420.12,0.00,415.15,0,5.00,119.94,0.00,119.94
3.22s,5.00,425.12,0.00,420.13,0,5.01,119.94,0.00,119.94
3.02s,5.01,430.13,0.00,425.13,0,5.00,119.94,0.06,119.94
3.05s,5.00,435.13,0.00,430.13,0,5.02,119.94,0.06,119.94
2.61s,5.02,440.15,0.00,435.14,0,5.01,119.94,0.01,119.94
3.02s,5.01,445.16,0.00,440.15,1,5.03,119.94,0.05,119.94
3.30s,5.03,450.19,0.00,445.16,1,5.01,119.94,0.01,119.94
2.93s,5.01,455.19,0.00,450.19,1,5.03,119.94,0.04,119.94
2.48s,5.03,460.22,0.00,455.19,0,5.03,119.94,0.03,119.94
2.98s,5.03,465.25,0.00,460.22,1,5.03,119.94,0.02,119.94
2.95s,5.03,470.28,0.00,465.25,1,5.00,119.94,0.05,119.94
2.85s,5.00,475.28,0.00,470.28,1,5.03,119.94,0.02,119.94
2.81s,5.03,480.31,0.00,475.28,1,5.00,119.94,0.04,119.94
2.75s,5.00,485.31,0.00,480.31,1,5.00,119.94,0.04,119.94
2.60s,5.00,490.31,0.00,485.31,1,5.00,119.94,0.06,119.94
2.57s,5.00,495.31,0.00,490.31,1,5.00,119.94,0.03,119.94
2.58s,5.00,500.31,0.00,495.31,1,5.00,119.94,0.03,119.94
