time,r,a,ld,s,qdel,min_c,max_c,min_b,max_b,min_q,max_q,min_if,max_if
16.87s,5.00,5.00,0.00,0.00,0,5.00,120.00,0.47,120.00,0.00,0.00,5.00,5.00
24.70s,6.56,11.56,0.00,5.25,0,5.33,120.00,0.12,120.00,0.00,1.45,5.13,6.31
19.62s,3.88,15.44,0.00,11.56,1,5.31,120.00,0.31,120.00,0.00,0.00,3.88,3.88
17.02s,7.97,23.41,0.00,15.44,1,5.00,120.00,0.43,120.00,0.00,3.30,6.47,7.97
30.68s,6.56,29.97,0.00,23.41,1,5.12,120.00,0.50,120.00,0.00,6.16,5.33,6.56
15.32s,1.00,30.97,0.00,29.97,1,5.37,120.00,0.50,120.00,0.00,0.71,1.00,1.00
17.56s,9.84,40.82,0.00,30.97,1,5.00,120.00,0.50,120.00,0.00,5.63,8.00,9.84
16.41s,1.00,41.82,0.00,40.82,1,5.23,120.00,0.50,120.00,0.00,0.71,1.00,1.00
19.97s,10.78,52.60,0.00,41.82,1,5.00,120.00,0.50,120.00,0.00,6.72,9.10,10.78
16.13s,1.00,53.60,0.00,52.60,1,5.73,120.00,0.50,120.00,0.00,0.94,1.00,1.00
20.37s,11.72,65.32,0.00,53.60,1,5.56,120.00,0.25,120.00,0.00,7.13,9.89,11.72
16.85s,1.00,66.32,0.00,65.32,1,6.23,120.00,0.50,120.00,0.00,0.94,1.00,1.00
21.16s,12.66,78.97,0.00,66.32,1,5.88,120.00,0.25,120.00,0.00,7.47,11.07,12.66
17.14s,1.00,79.97,0.00,78.97,1,6.34,120.00,0.41,120.00,0.00,0.94,1.00,1.00
22.75s,13.59,93.57,0.00,79.97,1,6.61,120.00,0.14,120.00,0.00,7.99,11.89,13.59
16.76s,1.00,94.57,0.00,93.57,1,7.22,120.00,0.50,120.00,0.00,0.94,1.00,1.00
21.08s,14.53,109.10,0.00,94.57,1,7.29,120.00,0.50,120.00,0.00,8.51,12.71,14.53
20.10s,1.00,110.10,0.00,109.10,1,7.72,120.00,0.50,120.00,0.00,0.94,1.00,1.00
21.31s,15.47,125.57,0.00,110.10,1,7.48,120.00,0.50,120.00,0.00,8.79,14.02,15.47
19.47s,1.00,126.57,0.00,125.57,1,7.75,120.00,0.26,120.00,0.00,0.94,1.00,1.00
20.35s,16.41,142.97,0.00,126.57,1,7.90,120.00,0.50,120.00,0.00,9.42,14.61,16.41
18.27s,1.00,143.97,0.00,142.97,1,8.22,120.00,0.45,120.00,0.00,0.97,1.00,1.00
20.72s,17.34,161.32,0.00,143.97,1,8.33,120.00,0.50,120.00,0.00,9.95,15.45,17.34
19.13s,1.00,162.32,0.00,161.32,1,8.94,120.00,0.50,120.00,0.00,0.70,1.00,1.00
21.65s,18.28,180.60,0.00,162.32,1,8.76,120.00,0.50,120.00,0.00,10.30,16.57,18.28
19.69s,1.00,181.60,0.00,180.60,1,9.41,120.00,0.26,120.00,0.00,0.94,1.00,1.00
23.10s,19.22,200.82,0.00,181.60,1,9.18,120.00,0.50,120.00,0.00,10.81,17.42,19.22
20.60s,1.00,201.82,0.00,200.82,1,9.62,120.00,0.27,120.00,0.00,0.94,1.00,1.00
22.95s,20.16,221.97,0.00,201.82,1,9.92,120.00,0.50,120.00,0.00,11.33,18.27,20.16
17.87s,1.00,222.97,0.00,221.82,1,10.21,19.61,0.46,120.00,0.00,0.94,1.16,1.16
31.95s,21.09,244.07,0.00,222.97,1,10.11,19.98,0.42,120.00,0.32,11.93,19.12,21.09
17.56s,1.00,245.07,0.00,242.97,1,10.58,19.98,0.28,120.00,0.00,1.98,1.05,2.09
46.59s,21.56,266.63,0.00,245.07,1,10.47,20.52,1.42,120.00,1.02,13.06,19.88,21.56
20.95s,1.00,267.63,0.00,265.07,1,10.70,19.99,1.11,120.00,0.00,2.21,1.28,2.56
46.24s,22.03,289.66,0.00,267.63,1,10.70,20.84,1.56,120.00,1.10,13.81,20.31,22.03
21.66s,1.00,290.66,0.00,287.63,1,10.93,19.78,1.79,120.00,0.00,2.91,1.52,3.03
44.67s,22.03,312.69,0.00,290.66,1,11.02,21.00,2.03,120.00,0.79,14.31,20.31,22.03
18.38s,1.00,313.69,0.00,310.66,1,10.83,19.68,2.05,120.00,0.00,2.90,1.52,3.03
45.53s,22.50,336.19,0.00,313.69,1,10.99,21.11,2.33,120.00,1.17,14.55,20.74,22.50
23.63s,1.00,337.19,0.00,333.69,1,10.80,19.99,2.04,120.00,0.00,3.14,1.75,3.50
63.64s,22.50,359.69,0.00,337.19,1,10.88,21.28,2.75,120.00,1.21,15.01,20.74,22.50
28.21s,1.00,360.69,0.00,357.19,1,11.06,19.90,2.60,120.00,0.00,3.14,1.75,3.50
43.04s,22.50,383.19,0.00,360.69,1,11.14,21.67,2.66,120.00,0.80,14.95,21.09,22.50
18.53s,1.00,384.19,0.00,380.69,1,11.06,19.90,2.60,120.00,0.00,3.14,1.75,3.50
36.01s,22.50,406.69,0.00,384.19,1,11.22,21.75,2.50,120.00,0.80,14.95,21.09,22.50
18.60s,1.00,407.69,0.00,404.19,1,11.06,19.90,2.60,120.00,0.00,3.14,1.75,3.50
38.63s,22.50,430.19,0.00,407.69,1,11.02,21.48,2.50,120.00,0.86,14.96,21.09,22.50
20.36s,1.00,431.19,0.00,427.69,1,11.06,19.90,2.60,120.00,0.00,3.14,1.75,3.50
42.44s,22.50,453.69,0.00,431.19,1,10.94,21.40,2.50,120.00,0.80,14.95,21.09,22.50
18.45s,1.00,454.69,0.00,451.19,1,11.06,19.90,2.60,120.00,0.00,3.14,1.75,3.50
39.52s,22.50,477.19,0.00,454.69,1,11.18,21.59,2.50,120.00,0.86,14.96,21.09,22.50
19.08s,1.00,478.19,0.00,474.69,1,11.06,19.90,2.60,120.00,0.00,3.14,1.75,3.50
37.60s,22.50,500.69,0.00,478.19,1,10.88,21.70,2.66,120.00,0.80,14.95,21.09,22.50
17.79s,1.00,501.69,0.00,498.19,1,11.06,19.90,2.60,120.00,0.00,3.14,1.75,3.50
38.47s,22.50,524.19,0.00,501.85,0,10.90,21.36,2.56,120.00,0.83,15.04,20.60,22.34
20.26s,1.00,525.19,0.00,521.91,1,10.93,19.88,2.62,120.00,0.00,3.03,1.64,3.28
37.16s,22.50,547.69,0.00,525.39,0,11.05,21.78,2.45,120.00,0.80,14.52,20.91,22.30
19.62s,1.00,548.69,0.00,545.19,1,10.91,19.68,2.83,120.00,0.00,3.14,1.75,3.50
35.96s,22.50,571.19,0.00,548.77,0,11.07,21.47,2.50,120.00,0.84,15.08,20.67,22.42
17.38s,1.00,572.19,0.00,568.77,1,10.90,19.85,2.65,120.00,0.00,3.10,1.71,3.42
38.84s,22.50,594.69,0.00,572.23,0,10.86,21.33,2.45,120.00,0.82,14.86,20.71,22.46
18.67s,1.00,595.69,0.00,592.25,1,11.00,19.77,2.75,120.00,0.00,3.15,2.15,3.44
35.97s,22.50,618.19,0.00,595.71,0,11.00,21.47,2.44,120.00,0.83,14.98,20.72,22.48
19.30s,1.00,619.19,0.00,615.74,1,11.01,19.78,2.75,120.00,0.00,3.11,1.73,3.45
38.82s,22.50,641.69,0.00,619.20,0,11.22,21.75,2.45,120.00,0.85,14.91,21.08,22.49
19.63s,1.00,642.69,0.00,639.24,1,11.01,19.78,2.75,120.00,0.00,3.08,2.16,3.46
34.81s,22.50,665.19,0.00,642.69,1,10.96,21.61,2.52,120.00,0.80,14.93,21.09,22.50
17.88s,1.00,666.19,0.00,662.69,1,11.06,19.90,2.65,120.00,0.00,3.14,1.75,3.50
39.49s,22.50,688.69,0.00,666.19,1,10.90,21.36,2.50,120.00,0.80,14.94,21.09,22.50
18.23s,1.00,689.69,0.00,686.19,1,11.06,19.90,2.60,120.00,0.00,3.14,1.75,3.50
37.85s,22.50,712.19,0.00,689.69,1,10.96,21.42,2.50,120.00,0.86,14.96,21.09,22.50
17.47s,1.00,713.19,0.00,709.69,1,11.06,19.90,2.60,120.00,0.00,3.14,1.75,3.50
34.70s,22.50,735.69,0.00,713.19,1,10.89,21.67,2.50,120.00,0.80,14.95,21.09,22.50
18.28s,1.00,736.69,0.00,733.19,1,11.06,19.90,2.60,120.00,0.00,3.14,1.75,3.50
37.55s,22.50,759.19,0.00,736.69,1,11.02,21.48,2.50,120.00,0.80,14.95,21.09,22.50
18.23s,1.00,760.19,0.00,756.69,1,11.06,19.90,2.60,120.00,0.00,3.14,1.75,3.50
38.95s,22.50,782.69,0.00,760.19,1,11.02,21.48,2.50,120.00,0.86,14.96,21.09,22.50
19.31s,1.00,783.69,0.00,780.19,1,11.06,19.90,2.60,120.00,0.00,3.14,1.75,3.50
38.70s,22.50,806.19,0.00,783.94,0,10.90,21.36,2.50,120.00,0.84,15.05,20.51,22.25
17.84s,1.00,807.19,0.00,803.87,1,10.92,19.87,2.63,120.00,0.00,3.05,1.66,3.32
36.40s,22.50,829.69,0.00,807.19,1,11.18,21.59,2.40,120.00,0.80,14.53,21.09,22.50
18.33s,1.00,830.69,0.00,827.19,1,11.06,19.90,2.67,120.00,0.00,3.14,1.75,3.50
38.70s,22.50,853.19,0.00,830.69,1,10.84,21.31,2.75,120.00,1.26,15.10,20.74,22.50
19.02s,1.00,854.19,0.00,850.69,1,11.06,19.90,2.60,120.00,0.00,3.14,1.75,3.50
39.96s,22.50,876.69,0.00,854.19,1,10.90,21.36,2.50,120.00,0.80,14.95,21.09,22.50
19.21s,1.00,877.69,0.00,874.19,1,11.06,19.90,2.60,120.00,0.00,3.14,1.75,3.50
38.45s,22.50,900.19,0.00,877.69,1,10.89,21.67,2.57,120.00,0.80,14.95,21.09,22.50
19.06s,1.00,901.19,0.00,897.69,1,11.06,19.90,2.60,120.00,0.00,3.14,1.75,3.50
37.33s,22.50,923.69,0.00,901.19,1,11.22,21.75,2.50,120.00,0.80,14.95,21.09,22.50
17.78s,1.00,924.69,0.00,921.19,1,11.06,19.90,2.60,120.00,0.00,3.14,1.75,3.50
37.75s,22.50,947.19,0.00,924.69,1,10.90,21.36,2.50,120.00,0.86,14.96,21.09,22.50
18.17s,1.00,948.19,0.00,944.69,1,11.06,19.90,2.60,120.00,0.00,3.14,1.75,3.50
36.79s,22.50,970.69,0.00,948.19,1,10.88,21.53,2.57,120.00,0.80,14.95,21.09,22.50
17.17s,1.00,971.69,0.00,968.19,1,11.06,19.90,2.60,120.00,0.00,3.14,1.75,3.50
35.58s,22.50,994.19,0.00,971.69,1,10.90,21.36,2.50,120.00,0.86,14.96,21.09,22.50
17.67s,1.00,995.19,0.00,991.69,1,11.06,19.90,2.60,120.00,0.00,3.14,1.75,3.50
37.22s,22.50,1017.69,0.00,995.19,1,11.14,21.67,2.66,120.00,0.80,14.95,21.09,22.50
17.97s,1.00,1018.69,0.00,1015.19,1,11.06,19.90,2.60,120.00,0.00,3.14,1.75,3.50
34.96s,22.50,1041.19,0.00,1018.69,1,11.02,21.48,2.50,120.00,0.80,14.95,21.09,22.50
17.71s,1.00,1042.19,0.00,1038.69,1,11.06,19.90,2.60,120.00,0.00,3.14,1.75,3.50
