time,r,a,ld,s,qdel,min_c,max_c,min_b,max_b
7.88s,10.00,10.00,0.00,0.04,0,5.03,119.94,0.03,119.94
12.62s,119.94,129.94,0.00,10.00,1,5.03,119.96,0.06,119.96
9.81s,2.51,132.46,89.94,30.00,1,10.00,19.99,0.04,19.99
4.80s,19.99,152.45,89.94,42.53,0,10.90,19.99,10.01,19.14
4.32s,21.80,174.25,89.94,62.51,0,13.14,29.95,10.03,24.33
7.87s,26.28,200.53,89.94,82.52,1,14.50,24.14,0.06,119.95
6.86s,24.14,224.66,91.70,92.55,1,13.35,20.81,6.71,26.26
9.87s,26.71,251.37,97.98,112.55,1,14.02,22.04,10.03,26.29
9.58s,28.03,279.40,102.12,132.55,1,14.01,23.32,10.01,27.48
9.30s,28.02,307.42,116.85,152.55,1,15.00,19.97,10.02,27.51
10.96s,30.00,337.42,124.87,172.59,1,16.02,24.01,1.99,29.97
10.32s,32.04,369.47,132.89,184.54,1,15.04,23.96,8.01,29.94
11.24s,30.08,399.54,142.89,204.54,1,14.41,23.95,10.01,30.90
12.46s,28.82,428.37,154.93,224.54,1,14.41,23.98,10.02,30.93
9.26s,23.98,452.35,166.19,244.54,1,15.03,23.81,10.01,32.93
9.84s,23.81,476.16,173.83,264.54,1,16.02,22.54,10.00,33.96
9.48s,17.02,493.18,177.81,284.54,1,16.02,21.90,10.05,33.78
9.47s,32.03,525.21,181.62,304.54,1,16.00,19.95,10.02,29.99
10.02s,32.00,557.21,181.62,324.54,1,16.02,26.63,10.01,29.96
10.55s,16.02,573.23,190.67,344.54,1,16.02,26.64,10.00,38.99
8.97s,32.03,605.26,202.67,364.54,1,16.01,19.97,10.04,29.96
8.33s,32.02,637.27,202.67,384.54,1,16.00,26.66,10.03,29.97
8.88s,32.00,669.27,222.74,404.55,1,16.00,21.94,6.04,29.98
12.47s,32.01,701.28,226.72,420.55,1,15.25,25.29,9.00,29.96
8.54s,25.29,726.58,238.72,440.55,1,16.03,25.32,10.02,29.95
10.99s,32.06,758.64,250.73,460.55,1,15.24,22.62,10.02,33.95
9.57s,30.48,789.11,257.02,480.55,1,15.21,25.31,10.02,33.25
10.91s,30.43,819.54,268.09,500.55,1,16.04,25.74,10.01,38.98
11.23s,32.07,851.62,278.56,520.57,1,16.00,25.19,10.00,38.98
11.81s,32.01,883.63,288.99,540.55,1,16.00,25.99,10.03,38.98
10.79s,32.01,915.63,301.07,560.55,1,16.00,26.00,10.02,38.94
9.70s,32.00,947.63,313.07,580.55,1,16.00,25.95,10.02,38.94
12.16s,32.00,979.63,325.08,600.55,1,16.00,25.95,10.01,38.98
10.58s,31.99,1011.63,347.58,620.55,1,16.03,20.71,10.01,31.46
12.54s,32.05,1043.68,349.08,640.57,1,16.00,26.67,10.01,31.46
8.08s,26.67,1070.35,361.07,660.55,1,18.50,25.99,10.03,31.46
11.07s,19.50,1089.85,373.13,680.55,1,16.04,23.33,10.00,36.61
7.60s,17.04,1106.88,379.79,700.57,1,16.04,19.99,10.00,29.94
7.19s,17.04,1123.92,379.79,720.55,1,16.04,26.62,10.02,29.98
7.26s,32.08,1156.00,379.79,740.55,1,16.01,26.63,9.50,119.96
6.31s,32.02,1188.02,385.95,760.05,1,15.91,21.45,6.79,29.45
11.62s,31.81,1219.83,400.93,777.09,1,15.30,23.23,2.15,27.01
10.44s,30.61,1250.44,407.46,790.56,1,14.14,23.30,7.50,27.00
11.67s,28.27,1278.71,419.28,810.56,1,14.00,23.32,10.03,27.00
10.46s,28.00,1306.72,429.89,830.55,1,14.11,23.47,10.02,31.87
12.64s,28.23,1334.94,438.16,850.55,1,15.03,23.97,10.01,34.10
11.69s,15.03,1349.97,446.16,870.55,1,16.00,24.08,10.02,38.00
8.01s,32.01,1381.98,454.39,890.58,1,16.02,20.00,10.05,29.93
6.90s,20.00,1401.98,461.43,910.58,1,16.00,19.96,10.01,29.94
9.01s,32.01,1433.99,461.43,930.60,1,16.03,26.66,9.98,29.95
5.99s,26.66,1460.65,461.43,950.55,1,20.01,26.65,10.00,29.97
9.34s,40.02,1500.67,473.44,970.56,1,16.00,23.30,10.03,36.63
10.66s,32.00,1532.67,480.10,990.55,1,16.00,26.61,10.01,36.58
14.09s,31.99,1564.66,500.12,1010.55,1,16.00,25.99,10.03,38.93
8.99s,25.99,1590.66,512.12,1030.55,1,16.00,25.95,10.01,38.99
9.39s,17.00,1607.66,524.11,1050.55,1,16.00,22.96,10.01,35.97
5.51s,8.00,1615.65,530.10,1070.55,1,16.02,19.99,10.02,29.96
6.91s,32.03,1647.69,530.10,1085.55,0,15.00,29.96,10.04,29.97
3.97s,7.50,1655.19,530.10,1105.59,1,15.02,24.97,7.01,119.95
6.56s,30.04,1685.23,532.14,1123.06,0,14.51,27.49,9.96,27.48
4.17s,7.25,1692.48,532.17,1143.09,1,14.51,20.02,9.99,26.85
6.53s,29.02,1721.50,532.17,1160.31,0,14.96,28.76,9.97,28.70
4.28s,28.76,1750.26,532.17,1180.31,1,14.95,24.88,10.02,119.95
8.37s,29.89,1780.15,532.17,1200.31,1,15.46,25.72,9.04,119.96
8.83s,30.91,1811.06,540.93,1219.32,1,15.26,24.93,9.71,38.89
8.54s,16.26,1827.32,550.83,1239.32,1,15.83,25.41,10.03,37.97
7.32s,31.67,1858.99,561.74,1259.32,1,15.80,19.97,10.04,29.34
11.20s,31.61,1890.60,569.67,1279.36,1,15.82,19.96,10.01,29.22
10.27s,19.96,1910.56,569.67,1299.35,1,16.04,26.67,9.99,29.96
6.96s,32.07,1942.63,581.28,1319.34,1,20.00,20.00,10.02,29.95
8.15s,21.00,1963.63,581.28,1339.34,1,16.02,26.65,10.02,29.92
6.56s,17.02,1980.65,593.31,1359.34,1,16.01,20.49,9.98,30.93
8.69s,32.03,2012.68,594.31,1379.32,1,16.02,19.98,10.01,29.96
9.73s,32.04,2044.71,594.31,1399.32,1,16.00,26.61,10.02,29.96
10.06s,17.00,2061.71,603.35,1419.32,1,16.01,26.63,10.01,38.98
8.78s,26.63,2088.34,615.39,1439.32,1,16.01,19.98,10.00,29.96
10.76s,32.03,2120.37,615.39,1459.32,1,16.00,26.66,10.02,29.99
8.28s,32.00,2152.37,619.02,1479.32,1,16.02,26.64,10.00,42.02
11.43s,16.02,2168.38,631.05,1499.32,1,16.02,25.96,10.00,38.99
6.15s,25.96,2194.34,643.05,1519.32,1,16.02,19.98,10.03,29.99
8.12s,32.03,2226.37,643.05,1539.34,1,16.03,26.65,10.01,29.97
7.45s,32.05,2258.43,645.02,1559.34,1,16.02,26.64,10.00,41.98
10.83s,32.04,2290.46,657.05,1579.32,1,16.04,25.99,10.03,38.98
10.75s,32.08,2322.54,669.10,1599.32,1,16.01,26.00,10.03,38.94
11.26s,32.01,2354.55,681.14,1619.32,1,16.01,26.00,10.03,38.94
11.66s,32.02,2386.57,693.22,1639.32,1,16.00,26.00,10.01,38.98
11.06s,31.99,2418.56,705.23,1659.32,1,16.02,26.01,10.00,38.99
12.19s,16.02,2434.58,717.25,1679.32,1,16.02,25.97,10.01,38.96
6.19s,25.97,2460.54,729.24,1699.37,1,16.02,20.00,10.02,29.94
7.86s,20.00,2480.54,729.24,1719.35,1,16.03,26.65,10.01,29.97
7.32s,32.05,2512.60,731.22,1739.37,1,16.01,23.98,9.99,29.90
8.32s,23.98,2536.58,731.22,1759.32,1,16.01,26.63,10.02,29.93
8.55s,16.01,2552.59,743.28,1779.32,1,15.99,21.98,10.00,33.94
9.41s,31.98,2584.57,747.26,1799.32,1,15.99,19.96,10.00,29.93
8.52s,31.99,2616.56,755.25,1819.32,1,15.99,19.95,10.00,29.92
10.96s,16.99,2633.55,755.25,1839.32,1,16.02,26.66,10.05,29.98
6.30s,26.66,2660.21,767.24,1859.32,1,20.00,20.00,10.02,29.97
8.22s,21.00,2681.21,770.89,1879.32,1,16.00,19.96,10.02,29.95
8.89s,32.00,2713.21,771.89,1899.32,1,16.00,25.65,9.02,29.99
7.96s,17.00,2730.21,784.89,1918.33,1,15.80,19.97,9.50,28.97
