time,r,a,ld,s,qdel,min_c,max_c,min_b,max_b
2.97s,10.00,10.00,0.00,10.00,0,10.00,119.95,0.04,119.95
3.12s,20.00,30.00,0.00,30.00,0,20.00,119.95,0.06,119.94
2.64s,21.00,51.00,0.00,50.00,0,20.02,119.95,0.04,119.95
3.85s,21.02,72.02,0.00,70.00,0,20.03,119.95,0.06,119.94
4.36s,21.03,93.05,0.00,90.00,0,20.02,119.95,0.05,119.94
6.54s,20.02,113.07,0.00,110.00,0,20.00,119.95,0.06,119.94
3.00s,40.01,153.08,0.00,130.00,0,19.76,119.95,0.04,119.95
4.18s,39.52,192.60,0.00,151.00,1,19.75,37.91,0.04,119.95
4.53s,39.49,232.09,0.00,172.02,1,19.74,29.44,10.57,119.95
6.42s,39.49,271.58,0.00,193.05,1,20.03,27.64,25.68,119.96
6.57s,40.06,311.64,0.00,213.07,2,16.62,27.67,21.11,119.96
7.03s,16.62,328.26,0.00,250.00,2,19.82,31.03,39.72,119.97
9.22s,39.64,367.89,0.00,271.00,3,19.81,32.99,57.99,119.94
9.85s,19.81,387.71,0.00,292.02,3,19.79,32.95,52.65,119.96
19.32s,39.59,427.29,0.00,313.05,3,20.00,31.52,50.01,119.95
6.54s,21.00,448.29,0.00,333.07,3,16.63,27.67,41.58,119.94
7.61s,16.63,464.92,0.00,366.79,4,19.18,31.03,54.46,119.96
6.62s,20.18,485.10,0.00,387.71,4,19.14,31.89,54.66,119.94
5.55s,38.28,523.37,0.00,412.02,4,19.79,32.95,52.65,119.94
3.70s,20.79,544.17,11.75,432.02,4,19.80,32.60,49.51,119.96
12.33s,19.80,563.97,13.40,452.02,3,17.07,28.40,42.89,119.94
5.52s,18.07,582.04,13.40,472.45,3,16.96,28.21,42.37,119.97
4.51s,17.96,600.00,13.53,507.71,4,19.15,30.17,55.69,119.96
5.36s,38.31,638.31,13.53,528.50,4,19.30,32.13,56.08,119.94
4.11s,20.30,658.61,13.53,548.50,4,19.30,32.13,50.71,119.94
13.25s,38.59,697.20,14.04,568.50,3,19.22,30.35,48.05,119.94
5.60s,20.22,717.42,14.32,592.45,3,16.95,28.22,44.25,119.97
7.16s,33.90,751.31,14.32,622.98,4,18.92,31.47,54.49,119.96
6.85s,37.84,789.15,14.32,643.09,4,18.97,31.53,50.67,119.94
8.38s,18.97,808.12,15.51,668.50,4,20.00,33.30,50.74,119.96
9.14s,20.00,828.12,28.70,688.50,4,19.25,31.99,48.04,119.94
6.82s,38.49,866.61,28.70,708.50,4,17.13,28.48,43.63,119.95
7.61s,34.27,900.88,28.70,728.50,4,17.12,28.47,42.73,119.95
8.20s,17.12,918.00,43.52,763.09,4,18.94,29.99,54.62,119.94
9.54s,18.94,936.94,43.52,783.09,4,18.95,31.52,54.65,119.94
6.43s,19.95,956.89,45.02,803.09,4,18.92,31.50,49.74,119.95
13.05s,37.84,994.73,57.78,823.09,4,18.93,29.98,47.31,119.95
4.74s,19.93,1014.66,57.78,843.09,4,16.04,26.62,40.02,119.95
5.87s,17.04,1031.69,57.78,863.09,4,16.02,26.64,40.02,119.96
5.73s,17.02,1048.71,71.13,883.09,4,16.04,26.62,40.05,119.94
7.59s,16.04,1064.75,71.51,903.09,4,16.00,26.62,40.00,119.95
8.09s,16.00,1080.75,71.55,923.09,5,16.00,26.66,40.03,119.96
8.59s,32.00,1112.75,71.55,943.09,5,16.00,26.66,40.03,119.96
10.78s,16.00,1128.75,88.60,977.15,2,18.81,29.98,53.11,119.97
2.79s,37.62,1166.37,88.60,997.15,2,18.83,31.35,49.09,119.97
4.96s,37.66,1204.03,88.60,1017.15,3,18.83,31.33,49.41,119.97
13.52s,18.83,1222.86,88.60,1040.15,3,19.41,31.49,48.56,119.94
6.32s,19.41,1242.27,88.60,1063.09,3,17.21,28.61,45.95,119.94
5.12s,18.21,1260.48,88.60,1097.15,3,20.00,32.94,57.04,119.96
5.06s,40.00,1300.48,88.60,1117.15,3,20.00,33.33,54.08,119.94
3.37s,21.00,1321.48,88.60,1137.15,3,19.41,32.30,49.40,119.95
12.94s,19.41,1340.90,88.60,1160.15,3,19.41,31.47,48.55,119.94
3.81s,20.41,1361.31,88.60,1183.09,3,17.20,28.61,45.96,119.94
5.48s,34.39,1395.70,88.60,1217.15,3,20.01,32.96,57.05,119.95
6.10s,40.03,1435.73,88.60,1237.15,3,20.00,33.33,54.07,119.94
4.07s,21.00,1456.73,88.60,1257.15,3,19.41,32.30,49.41,119.96
9.57s,20.41,1477.14,88.60,1277.15,3,18.83,29.96,47.04,119.96
8.22s,19.83,1496.97,88.60,1303.09,4,17.21,28.61,45.99,119.96
4.92s,18.21,1515.18,92.61,1323.12,4,17.22,28.65,45.99,119.96
6.12s,34.45,1549.63,112.61,1344.12,4,17.39,28.97,44.69,119.97
4.57s,34.79,1584.42,112.61,1371.81,3,18.96,31.54,50.03,119.94
10.06s,18.96,1603.37,112.61,1391.83,3,17.75,29.53,47.74,119.94
5.82s,18.75,1622.12,112.61,1411.83,3,17.76,29.57,45.17,119.96
8.86s,17.76,1639.88,112.61,1439.52,3,19.09,31.80,50.29,119.95
7.25s,19.09,1658.97,112.61,1464.12,4,18.46,30.76,52.31,119.96
6.54s,18.46,1677.43,112.61,1490.76,4,19.79,32.95,52.81,119.94
2.61s,20.79,1698.22,112.61,1510.76,3,19.80,32.98,49.48,119.96
7.13s,39.61,1737.83,112.61,1530.76,3,18.25,30.37,45.64,119.95
5.12s,36.50,1774.33,112.61,1559.52,3,19.10,31.78,51.01,119.97
8.92s,19.10,1793.42,112.61,1581.21,3,18.09,30.14,50.48,119.95
6.34s,36.18,1829.61,112.61,1610.76,3,20.02,33.30,54.79,119.96
3.61s,21.02,1850.63,112.61,1630.76,3,20.00,33.33,50.00,119.95
4.96s,21.00,1871.63,112.61,1650.76,4,18.28,30.40,46.41,119.95
11.02s,18.28,1889.91,112.61,1677.00,4,19.16,31.91,49.42,119.95
8.05s,19.16,1909.06,113.63,1697.00,4,17.27,28.74,46.29,119.94
8.27s,17.27,1926.33,113.63,1718.00,4,17.48,29.05,44.86,119.94
8.43s,34.95,1961.28,113.63,1747.65,4,19.40,32.29,52.08,119.95
7.55s,38.80,2000.08,123.98,1770.76,3,18.79,31.24,52.80,119.96
6.24s,19.79,2019.87,123.98,1795.60,3,19.72,32.84,51.75,119.95
4.17s,20.72,2040.59,123.98,1817.00,3,19.80,33.00,49.51,119.95
8.18s,19.80,2060.39,123.98,1838.00,3,18.10,30.08,45.21,119.96
7.95s,18.10,2078.49,124.13,1867.65,4,19.38,32.26,52.08,119.94
5.43s,38.77,2117.26,126.50,1890.76,4,19.03,31.70,52.78,119.96
5.70s,38.06,2155.32,129.10,1912.49,3,19.10,31.80,49.67,119.97
6.98s,20.10,2175.43,129.10,1937.00,3,19.80,32.96,49.54,119.94
4.26s,20.80,2196.23,129.10,1958.00,3,18.07,30.11,45.56,119.94
7.61s,36.14,2232.37,129.10,1986.22,4,19.10,31.81,51.01,119.95
4.41s,20.10,2252.47,129.10,2007.07,4,18.93,31.48,49.09,119.94
6.40s,19.93,2272.40,129.10,2027.12,4,18.04,30.04,46.10,119.95
4.37s,19.04,2291.45,135.37,2057.00,4,19.83,32.98,52.94,119.94
7.19s,39.65,2331.10,135.45,2077.00,4,18.18,30.23,49.93,119.94
6.74s,18.18,2349.28,135.47,2097.00,4,17.99,29.94,46.61,119.95
8.27s,35.97,2385.25,135.97,2117.00,4,18.01,29.91,44.96,119.96
10.67s,18.01,2403.26,135.97,2137.21,4,16.07,26.71,40.24,119.96
15.30s,16.07,2419.33,135.97,2157.21,4,16.04,26.70,40.23,119.94
7.88s,17.04,2436.37,135.97,2177.21,5,16.05,26.72,40.14,119.97
8.61s,17.05,2453.42,152.57,2197.21,4,16.05,26.73,40.13,119.95
14.57s,16.05,2469.47,165.55,2217.21,5,16.03,26.63,40.03,119.96
6.07s,17.03,2486.50,165.55,2237.21,4,16.03,26.63,40.03,119.95
8.55s,16.03,2502.52,182.12,2272.30,2,19.02,29.96,54.14,119.94
