time,r,a,ld,s,qdel,min_c,max_c,min_b,max_b,min_if,max_if
5.90s,6.00,6.00,0.00,0.00,0,5.00,120.00,0.06,120.00,5.02,6.00
7.49s,6.00,12.00,0.00,6.00,1,5.00,120.00,0.06,120.00,5.02,6.00
4.65s,6.00,18.00,0.00,12.00,1,5.03,120.00,0.06,120.00,5.02,6.00
4.55s,6.03,24.03,0.00,18.04,0,5.04,120.00,0.06,120.00,4.02,5.98
6.19s,6.04,30.06,0.00,24.05,0,5.03,120.00,0.06,120.00,4.04,6.02
7.16s,6.03,36.09,0.00,30.07,0,5.04,120.00,0.06,120.00,4.05,6.02
5.62s,6.04,42.13,0.00,36.09,0,5.04,120.00,0.06,120.00,4.01,6.03
6.35s,10.08,52.21,0.00,42.13,1,5.00,120.00,0.06,120.00,5.00,10.08
6.93s,6.00,58.21,0.00,52.21,1,5.63,120.00,0.06,120.00,5.67,6.00
7.81s,11.27,69.48,0.00,58.21,1,5.65,120.00,0.06,120.00,5.63,11.27
7.93s,5.65,75.13,0.00,69.48,1,6.84,120.00,0.04,120.00,5.65,5.65
4.22s,13.68,88.80,0.00,75.13,1,6.87,120.00,0.06,120.00,8.07,13.68
11.01s,7.87,96.67,0.00,88.80,1,7.65,120.00,0.06,120.00,7.68,7.87
7.26s,8.65,105.32,0.00,96.67,1,7.74,120.00,0.06,120.00,7.71,8.65
7.68s,8.74,114.07,0.00,105.32,1,7.55,120.00,0.06,120.00,7.55,8.74
8.04s,8.55,122.62,0.00,114.07,1,7.79,120.00,0.06,120.00,7.82,8.55
6.38s,8.79,131.40,0.00,122.62,1,6.77,120.00,0.06,120.00,6.76,8.79
7.99s,7.77,139.17,0.00,131.40,1,6.97,120.00,0.06,120.00,6.98,7.77
7.86s,13.95,153.12,0.00,139.17,1,6.80,120.00,0.06,120.00,6.81,13.95
7.82s,6.80,159.91,0.00,153.12,1,7.82,120.00,0.06,120.00,6.80,6.80
4.02s,15.64,175.55,0.00,159.91,1,7.63,120.00,0.06,120.00,8.49,15.64
7.78s,7.63,183.18,0.00,175.55,1,9.10,120.00,0.04,120.00,7.63,7.63
5.57s,10.10,193.28,0.00,183.18,1,9.12,120.00,0.05,120.00,10.10,10.10
8.33s,10.12,203.40,0.00,193.28,1,8.34,120.00,0.06,120.00,8.34,10.12
8.91s,8.34,211.74,0.00,203.40,1,8.70,120.00,0.04,120.00,8.34,8.34
6.47s,9.70,221.44,0.00,211.74,1,7.26,120.00,0.06,120.00,7.24,9.70
8.62s,7.26,228.70,0.00,221.48,0,7.67,120.00,0.06,120.00,6.27,7.23
7.00s,8.67,237.37,0.00,228.72,0,7.12,120.00,0.06,120.00,6.93,8.65
6.49s,8.12,245.50,0.00,237.38,0,6.84,120.00,0.06,120.00,5.80,8.11
6.84s,7.84,253.34,0.00,245.50,0,6.76,120.00,0.06,120.00,5.75,7.84
6.48s,7.76,261.09,0.00,253.34,0,6.38,120.00,0.06,120.00,5.39,7.75
6.69s,7.38,268.47,0.00,261.09,0,6.48,120.00,0.06,120.00,5.48,7.38
7.68s,7.48,275.95,0.00,268.47,1,6.26,120.00,0.06,120.00,6.25,7.48
8.40s,6.26,282.21,0.00,275.95,1,6.09,120.00,0.06,120.00,6.12,6.26
6.30s,12.18,294.39,0.00,282.21,1,5.80,120.00,0.06,120.00,5.81,12.18
8.35s,2.90,297.29,0.00,294.39,0,6.71,120.00,0.06,120.00,1.90,2.90
6.21s,13.43,310.72,0.00,297.29,0,6.50,120.00,0.06,120.00,10.07,13.43
13.49s,6.50,317.22,0.00,310.72,0,7.13,120.00,0.06,120.00,5.54,6.50
7.37s,8.13,325.36,0.00,317.22,0,7.13,120.00,0.06,120.00,7.75,8.13
9.15s,8.13,333.49,0.00,325.36,0,7.04,120.00,0.06,120.00,6.42,8.13
7.57s,8.04,341.53,0.00,333.49,0,7.26,120.00,0.06,120.00,6.41,8.04
7.65s,8.26,349.79,0.00,341.53,0,6.16,120.00,0.06,120.00,5.16,8.26
7.19s,7.16,356.95,0.00,349.79,0,6.52,120.00,0.06,120.00,5.54,7.16
7.35s,7.52,364.47,0.00,356.96,0,6.35,120.00,0.06,120.00,5.52,7.52
8.23s,7.35,371.82,0.00,364.47,0,6.23,120.00,0.06,120.00,5.23,7.35
7.93s,7.23,379.06,0.00,371.82,0,6.06,120.00,0.00,120.00,5.09,7.23
6.70s,7.06,386.11,0.00,379.06,0,5.87,120.00,0.06,120.00,4.85,7.06
6.75s,6.87,392.98,0.00,386.12,0,5.87,120.00,0.06,120.00,4.88,6.86
6.54s,6.87,399.85,0.00,392.98,0,5.72,120.00,0.06,120.00,4.72,6.87
6.68s,6.72,406.56,0.00,399.85,0,5.62,120.00,0.05,120.00,4.62,6.72
6.58s,6.62,413.19,0.00,406.57,0,5.53,120.00,0.06,120.00,4.50,6.62
6.54s,6.53,419.72,0.00,413.19,0,5.44,120.00,0.06,120.00,4.44,6.53
8.02s,6.44,426.17,0.00,419.72,0,5.38,120.00,0.06,120.00,4.38,6.44
7.84s,6.38,432.55,0.00,426.17,0,5.28,120.00,0.06,120.00,4.29,6.38
8.24s,6.28,438.82,0.00,432.55,0,5.24,120.00,0.06,120.00,4.22,6.28
8.27s,6.24,445.07,0.00,438.83,0,5.15,120.00,0.06,120.00,4.15,6.24
7.49s,6.15,451.21,0.00,445.07,0,5.11,120.00,0.02,120.00,4.08,6.15
9.42s,10.22,461.43,0.00,451.21,0,5.03,120.00,0.06,120.00,4.03,10.22
6.88s,5.03,466.47,0.00,461.43,0,5.79,120.00,0.05,120.00,4.05,5.03
8.10s,11.57,478.04,0.00,466.47,0,5.67,120.00,0.06,120.00,6.29,11.57
9.85s,6.67,484.71,0.00,478.04,0,6.74,120.00,0.06,120.00,5.68,6.67
7.32s,7.74,492.44,0.00,484.71,0,6.73,120.00,0.05,120.00,6.77,7.73
8.72s,7.73,500.17,0.00,492.44,0,6.52,120.00,0.06,120.00,5.50,7.73
7.09s,7.52,507.69,0.00,500.17,0,6.76,120.00,0.06,120.00,5.76,7.52
6.50s,7.76,515.46,0.00,507.69,0,5.98,120.00,0.06,120.00,4.98,7.76
7.63s,6.98,522.44,0.00,515.46,0,6.20,120.00,0.06,120.00,5.18,6.98
8.17s,7.20,529.63,0.00,522.44,0,6.00,120.00,0.06,120.00,5.06,7.19
7.98s,7.00,536.64,0.00,529.63,0,5.93,120.00,0.06,120.00,4.92,7.00
8.31s,6.93,543.56,0.00,536.64,0,5.80,120.00,0.06,120.00,4.82,6.93
6.85s,6.80,550.36,0.00,543.56,0,5.67,120.00,0.06,120.00,4.62,6.80
8.18s,6.67,557.03,0.00,550.36,0,5.59,120.00,0.06,120.00,4.59,6.67
7.93s,6.59,563.62,0.00,557.03,0,5.49,120.00,0.06,120.00,4.48,6.59
7.76s,6.49,570.11,0.00,563.62,0,5.42,120.00,0.06,120.00,4.41,6.49
6.53s,6.42,576.53,0.00,570.11,0,5.34,120.00,0.06,120.00,4.31,6.42
6.98s,6.34,582.87,0.00,576.53,0,5.25,120.00,0.06,120.00,4.26,6.34
8.38s,10.49,593.36,0.00,582.87,0,5.20,120.00,0.06,120.00,4.18,10.49
7.19s,5.20,598.56,0.00,593.36,0,5.98,120.00,0.06,120.00,4.22,5.20
6.74s,11.96,610.52,0.00,598.56,0,5.82,120.00,0.06,120.00,6.45,11.96
9.81s,2.91,613.43,0.00,610.52,0,6.95,120.00,0.06,120.00,1.91,2.91
6.55s,13.89,627.33,0.00,613.43,0,6.92,120.00,0.06,120.00,10.96,13.89
11.90s,7.92,635.24,0.00,627.33,0,7.22,120.00,0.06,120.00,6.25,7.91
5.97s,8.22,643.46,0.00,635.24,0,7.38,120.00,0.05,120.00,6.77,8.22
5.53s,8.38,651.84,0.00,643.46,0,7.55,120.00,0.06,120.00,6.81,8.38
5.97s,8.55,660.39,0.00,651.84,0,7.68,120.00,0.06,120.00,6.99,8.55
8.08s,8.68,669.08,0.00,660.39,0,6.62,120.00,0.06,120.00,5.63,8.68
7.62s,7.62,676.69,0.00,669.08,0,6.77,120.00,0.06,120.00,5.77,7.61
7.64s,7.77,684.46,0.00,676.69,0,6.66,120.00,0.06,120.00,5.71,7.77
7.68s,7.66,692.12,0.00,684.46,0,6.55,120.00,0.06,120.00,5.56,7.65
8.40s,7.55,699.66,0.00,692.12,0,6.40,120.00,0.06,120.00,5.37,7.55
8.24s,7.40,707.06,0.00,699.67,0,6.14,120.00,0.06,120.00,5.14,7.40
6.90s,7.14,714.20,0.00,707.06,0,6.08,120.00,0.06,120.00,5.08,7.14
8.30s,7.08,721.28,0.00,714.21,0,5.96,120.00,0.06,120.00,4.98,7.08
6.74s,6.96,728.25,0.00,721.28,0,5.84,120.00,0.06,120.00,4.84,6.96
7.63s,6.84,735.09,0.00,728.25,0,5.75,120.00,0.06,120.00,4.76,6.84
7.47s,6.75,741.84,0.00,735.09,0,5.61,120.00,0.06,120.00,4.64,6.75
6.84s,6.61,748.45,0.00,741.84,0,5.53,120.00,0.06,120.00,4.54,6.61
7.12s,6.53,754.98,0.00,748.45,0,5.48,120.00,0.06,120.00,4.44,6.53
8.29s,6.48,761.46,0.00,754.98,0,5.38,120.00,0.06,120.00,4.35,6.48
7.41s,6.38,767.84,0.00,761.46,0,5.29,120.00,0.06,120.00,4.29,6.38
7.78s,10.57,778.41,0.00,767.84,0,5.21,120.00,0.06,120.00,4.21,10.57
