time,r,a,ld,s,qdel,min_c,max_c,min_b,max_b
2.87s,10.00,10.00,0.00,0.04,0,5.03,49.96,0.03,49.96
5.92s,10.05,20.05,0.00,10.00,1,5.00,49.96,0.04,49.96
5.20s,10.00,30.05,0.00,20.07,0,6.69,49.96,0.04,49.96
4.82s,13.38,43.43,0.00,30.06,0,7.55,49.96,0.04,49.95
4.53s,15.10,58.53,0.00,43.44,0,8.73,49.96,0.00,49.95
4.87s,17.45,75.98,0.00,58.53,0,9.73,49.97,0.04,49.96
4.68s,19.46,95.44,0.00,75.98,1,11.52,49.96,0.04,49.96
3.51s,23.04,118.48,0.00,95.44,1,13.08,49.96,0.04,49.95
3.77s,26.15,144.64,0.00,110.09,1,13.36,22.22,2.55,49.97
5.99s,26.72,171.36,2.46,126.02,1,13.50,22.48,6.90,31.43
3.99s,14.50,185.86,8.62,146.02,1,14.03,23.29,10.02,29.85
3.68s,28.06,213.91,15.34,166.02,1,14.12,19.97,10.00,25.24
5.06s,28.23,242.14,15.34,186.02,1,15.20,25.28,10.01,26.92
3.75s,30.40,272.54,17.89,206.02,1,16.02,26.62,10.00,38.22
5.13s,32.03,304.57,26.12,226.02,1,16.02,25.16,10.02,38.22
4.49s,16.02,320.59,36.52,246.02,1,16.02,26.00,10.03,38.98
4.95s,16.02,336.61,48.55,266.07,1,16.02,20.00,10.01,29.94
3.26s,32.03,368.64,48.55,286.04,1,16.01,26.66,10.01,29.96
2.49s,32.02,400.66,48.55,306.04,1,16.04,26.67,6.01,49.94
4.89s,32.09,432.74,56.60,322.04,1,15.24,25.32,9.02,37.95
5.31s,30.48,463.23,68.62,342.04,1,15.19,25.32,10.01,34.96
5.24s,15.19,478.42,80.71,362.04,1,15.20,25.22,10.04,34.97
3.89s,30.40,508.82,91.19,382.04,1,15.20,19.99,10.04,27.97
4.92s,30.40,539.22,96.78,402.04,1,16.02,20.00,10.00,29.96
6.36s,16.02,555.23,96.78,422.04,1,16.04,26.67,10.03,29.98
4.07s,32.08,587.31,107.18,442.04,1,20.00,20.00,10.02,29.98
4.25s,21.00,608.31,107.18,462.04,1,16.00,26.66,10.03,29.95
3.43s,32.00,640.31,115.28,482.04,1,16.02,23.96,10.01,30.99
6.10s,32.03,672.34,128.28,502.05,1,16.00,19.99,10.01,29.95
6.58s,16.00,688.35,128.28,522.04,1,16.03,26.63,10.02,29.96
3.95s,32.06,720.41,140.31,542.04,1,20.00,20.00,10.03,29.94
4.15s,21.00,741.41,140.31,562.04,1,16.00,26.66,10.02,29.94
3.38s,16.00,757.41,148.37,582.04,1,16.02,23.96,10.02,31.00
3.37s,32.03,789.44,149.37,602.04,1,16.00,19.98,10.01,29.98
4.18s,32.00,821.44,149.37,622.04,1,16.00,26.66,10.02,30.00
6.02s,32.00,853.44,157.41,642.04,1,16.02,26.62,10.00,41.97
6.09s,32.03,885.47,169.41,662.04,1,16.02,25.98,10.03,38.96
4.42s,17.02,902.49,181.41,682.05,1,16.02,26.00,10.05,38.95
3.75s,32.04,934.53,193.44,702.04,1,16.03,19.98,10.03,29.97
5.55s,32.06,966.59,193.44,722.04,1,16.03,26.64,10.05,29.99
4.87s,32.05,998.64,202.49,742.04,1,16.01,26.64,10.01,38.97
5.92s,32.02,1030.65,214.55,762.04,1,16.01,25.97,10.04,38.98
5.94s,32.02,1062.68,226.60,782.04,1,16.00,25.99,10.02,38.99
5.67s,32.00,1094.68,238.62,802.04,1,16.02,25.98,10.00,38.98
3.72s,17.02,1111.69,250.64,822.04,1,16.02,25.97,10.03,38.96
3.84s,32.04,1143.73,262.64,842.06,1,16.02,19.98,10.03,29.93
5.61s,32.04,1175.77,271.69,862.06,1,16.01,20.00,10.04,29.96
5.71s,32.03,1207.79,283.73,882.08,1,16.02,24.93,0.04,29.91
5.33s,32.04,1239.84,305.71,892.09,1,15.02,19.97,7.53,19.97
6.02s,30.04,1269.88,317.76,912.08,1,14.00,19.99,6.68,19.99
5.91s,28.01,1297.89,317.76,932.08,1,20.00,23.34,10.00,20.00
5.74s,40.00,1337.89,327.80,952.08,1,20.00,23.28,10.00,20.00
6.13s,40.00,1377.89,355.31,972.08,1,16.01,20.23,10.04,30.49
5.58s,32.03,1409.91,366.81,992.08,1,16.00,26.66,0.03,30.47
5.10s,16.00,1425.91,385.81,1002.09,1,15.00,23.30,7.50,28.98
8.36s,15.00,1440.91,397.83,1022.09,1,14.01,19.99,10.02,20.98
3.50s,28.01,1468.93,397.83,1042.08,1,14.00,23.30,9.99,20.00
3.58s,28.00,1496.93,397.83,1062.08,1,15.00,23.30,6.00,49.97
3.54s,16.00,1512.93,400.85,1078.09,1,15.20,25.33,9.00,33.98
4.17s,30.40,1543.33,408.84,1098.09,1,15.20,19.99,10.04,26.00
5.25s,30.40,1573.73,408.84,1118.09,1,15.20,25.33,10.02,25.98
5.69s,30.40,1604.13,415.24,1138.10,1,15.22,25.30,10.02,39.34
5.88s,30.44,1634.56,425.64,1158.09,1,16.00,25.20,10.03,38.98
4.86s,16.00,1650.57,446.48,1178.12,1,16.01,19.99,10.04,29.96
3.09s,17.01,1667.57,446.48,1198.09,1,16.00,26.66,10.01,29.93
2.28s,32.00,1699.58,446.48,1218.09,1,16.00,26.66,10.01,29.95
3.32s,32.01,1731.58,451.49,1238.09,1,16.03,21.99,6.01,29.98
5.43s,32.06,1763.65,455.49,1254.09,1,15.25,25.30,9.02,29.98
6.49s,15.25,1778.90,467.49,1274.09,1,16.03,25.31,10.02,30.00
3.59s,17.03,1795.93,479.56,1294.14,1,15.25,19.97,10.00,27.28
4.34s,30.50,1826.43,479.56,1314.10,1,15.24,25.32,10.04,27.00
3.45s,30.47,1856.91,479.56,1334.11,1,16.00,26.67,5.27,49.94
4.69s,32.01,1888.92,487.09,1349.39,1,15.10,25.08,8.80,35.67
3.93s,16.10,1905.01,497.57,1369.35,1,15.07,25.05,9.98,34.23
3.60s,16.07,1921.08,509.57,1389.35,1,15.06,19.98,10.00,26.81
4.75s,30.12,1951.20,509.57,1409.34,1,15.05,25.06,10.02,26.38
3.68s,30.10,1981.30,511.86,1429.34,1,16.02,21.92,6.12,29.99
5.56s,32.05,2013.34,525.86,1445.44,1,15.22,23.03,2.97,26.09
4.95s,30.44,2043.78,531.96,1459.34,1,14.02,23.28,7.50,26.09
3.87s,15.02,2058.81,554.44,1479.38,1,14.02,19.98,6.71,26.10
4.48s,28.05,2086.85,554.44,1499.39,1,14.01,23.35,10.03,24.95
4.54s,28.03,2114.88,557.51,1519.34,1,15.02,19.98,10.01,25.41
5.49s,30.05,2144.93,565.54,1539.34,1,16.02,24.02,2.01,29.95
5.51s,32.04,2176.97,583.61,1551.31,1,15.00,19.98,6.04,21.95
6.06s,29.99,2206.96,583.61,1571.31,1,14.42,21.97,10.01,21.96
5.40s,28.84,2235.80,595.65,1591.31,1,20.01,23.99,10.01,21.95
5.64s,40.01,2275.81,605.65,1611.33,1,15.02,23.97,10.04,32.96
6.08s,30.03,2305.84,614.48,1631.33,1,16.03,26.66,10.03,38.80
4.05s,17.03,2322.87,644.53,1651.34,1,16.03,19.99,10.00,29.96
3.86s,16.03,2338.90,644.53,1671.31,1,16.02,26.64,10.03,29.98
3.48s,32.04,2370.94,644.53,1691.31,1,17.03,26.65,10.00,29.95
2.71s,34.05,2404.99,644.53,1711.31,1,16.00,26.66,7.06,49.97
6.30s,31.99,2436.99,652.60,1728.34,1,15.43,25.66,9.25,41.03
3.84s,16.43,2453.42,666.65,1748.34,1,15.44,25.65,10.02,35.97
5.09s,30.88,2484.29,678.64,1768.34,1,15.43,19.99,10.03,28.01
5.72s,30.86,2515.16,685.95,1788.36,1,15.43,19.97,10.01,27.74
6.62s,30.87,2546.02,696.81,1808.36,1,16.01,25.00,0.03,29.96
5.96s,32.01,2578.04,706.79,1818.40,1,15.04,23.35,7.48,29.03
6.88s,15.04,2593.07,717.66,1838.36,1,14.04,23.33,9.97,28.98
4.65s,28.07,2621.14,729.67,1858.36,1,14.04,19.99,10.04,23.33
