time,r,a,ld,s,qdel,min_c,max_c,min_b,max_b
3.21s,10.00,10.00,0.00,0.04,0,5.03,119.94,0.03,119.94
6.28s,10.05,20.05,0.00,10.00,1,5.03,119.94,0.04,119.94
2.66s,10.05,30.11,0.00,20.05,1,6.69,119.94,0.04,119.95
4.23s,6.69,36.79,0.00,30.13,0,7.54,119.95,0.06,119.94
4.08s,15.08,51.88,0.00,36.80,0,7.54,119.95,0.04,119.94
3.51s,15.08,66.96,0.00,51.88,0,8.39,119.95,0.04,119.95
4.81s,16.78,83.74,0.00,66.96,0,10.07,119.95,0.06,119.94
3.91s,20.14,103.88,0.00,83.74,0,11.77,119.95,0.04,119.94
4.75s,23.53,127.42,0.00,103.77,1,13.39,22.29,0.05,119.95
3.74s,26.79,154.20,0.00,116.83,1,13.02,21.63,3.73,119.95
4.86s,13.02,167.22,0.00,131.88,1,13.01,21.61,11.78,119.95
5.40s,13.01,180.23,0.00,146.96,2,12.64,21.03,15.81,119.96
4.94s,25.29,205.52,0.00,163.77,2,12.05,19.96,22.33,119.95
4.01s,24.09,229.61,0.00,183.77,1,13.39,22.29,20.28,119.96
2.82s,14.39,244.00,0.00,196.88,2,13.01,21.62,16.67,119.96
6.43s,26.01,270.01,0.00,211.88,2,13.03,21.63,26.12,119.96
5.42s,26.07,296.08,0.00,226.99,3,12.66,21.06,31.63,119.95
10.23s,25.32,321.41,0.00,243.77,3,12.00,19.96,31.90,119.97
7.54s,13.00,334.41,0.00,263.77,3,13.39,22.27,36.81,119.96
8.51s,13.39,347.80,0.00,276.90,3,13.02,21.63,33.30,119.94
7.49s,14.02,361.82,0.00,291.88,4,13.02,21.61,32.47,119.95
4.58s,14.02,375.84,4.20,307.00,4,12.65,21.03,31.62,119.95
7.87s,25.29,401.13,14.40,323.77,3,12.01,19.97,31.89,119.97
3.74s,13.01,414.14,14.40,343.77,3,13.41,22.25,36.79,119.96
4.23s,14.41,428.56,14.40,356.90,3,13.02,21.63,33.30,119.96
3.73s,14.02,442.58,14.40,371.90,3,13.00,21.59,32.48,119.94
5.15s,14.00,456.58,14.40,387.00,3,12.65,21.04,31.64,119.97
3.66s,13.65,470.24,14.63,403.77,3,12.00,19.99,31.89,119.97
7.37s,12.00,482.24,14.63,423.77,3,13.38,22.28,36.80,119.96
5.12s,26.75,508.99,14.63,436.90,3,13.02,21.63,33.28,119.96
6.05s,26.04,535.03,14.63,451.90,3,13.02,21.61,32.49,119.96
10.38s,13.02,548.05,14.63,467.01,3,12.66,21.06,31.65,119.96
4.31s,13.66,561.71,14.63,483.80,3,12.02,19.98,31.96,119.94
6.41s,12.02,573.73,14.63,503.80,3,13.40,22.29,36.80,119.96
4.06s,14.40,588.13,14.63,516.93,4,13.02,21.63,33.29,119.97
4.25s,14.02,602.15,18.11,531.90,3,12.98,21.62,32.45,119.96
8.00s,12.98,615.13,18.11,547.01,3,12.64,21.03,31.65,119.96
3.89s,13.64,628.77,18.11,563.80,3,12.01,20.00,31.92,119.96
4.13s,13.01,641.78,18.11,583.80,3,13.39,22.26,36.81,119.97
6.84s,26.78,668.55,18.11,596.93,3,13.01,21.62,33.31,119.96
5.59s,13.01,681.56,18.11,611.90,2,12.98,21.60,31.21,119.97
3.10s,25.96,707.52,18.11,627.01,2,12.64,21.03,28.28,119.96
3.81s,13.64,721.16,18.11,643.81,3,12.01,19.97,31.95,119.94
5.23s,13.01,734.16,18.11,663.80,2,13.43,22.26,35.83,119.96
5.31s,13.43,747.59,18.11,676.95,3,13.06,21.65,33.33,119.97
3.48s,14.06,761.65,18.11,691.90,3,12.98,21.60,32.49,119.97
6.58s,12.98,774.63,18.11,707.01,3,12.67,21.03,31.61,119.96
5.25s,12.67,787.30,18.11,723.81,3,12.03,19.96,31.94,119.96
3.71s,13.03,800.33,18.11,743.80,2,13.38,22.28,35.82,119.96
4.72s,26.75,827.08,18.11,756.95,2,13.01,21.68,32.32,119.96
3.76s,14.01,841.09,18.11,771.90,2,12.98,21.60,29.78,119.97
4.09s,25.96,867.05,18.11,787.01,2,12.64,21.03,26.83,119.94
6.79s,12.64,879.69,18.11,803.83,3,12.01,19.97,31.96,119.94
10.09s,12.01,891.70,18.11,823.80,2,13.38,22.26,35.84,119.96
4.58s,14.38,906.08,18.11,836.96,3,13.05,21.66,33.31,119.96
3.86s,14.05,920.13,18.11,851.90,3,12.98,21.60,32.47,119.96
5.33s,12.98,933.11,18.11,867.01,3,12.67,21.03,31.61,119.96
4.34s,13.67,946.79,18.11,883.83,3,12.01,19.97,31.96,119.96
5.32s,24.01,970.80,18.11,903.80,2,13.37,22.27,35.04,119.96
3.11s,26.74,997.54,18.11,916.96,2,13.05,21.66,31.36,119.96
4.83s,14.05,1011.59,18.11,931.90,2,12.98,21.60,29.23,119.94
10.56s,12.98,1024.57,18.11,947.01,3,12.64,21.02,31.63,119.94
3.77s,13.64,1038.21,18.11,963.83,3,12.01,19.97,31.95,119.94
6.98s,12.01,1050.21,18.11,983.80,3,13.40,22.28,36.81,119.97
5.31s,26.80,1077.02,18.11,996.96,3,13.04,21.64,33.34,119.94
5.06s,13.04,1090.05,18.11,1011.90,3,12.98,21.60,32.45,119.94
9.71s,12.98,1103.03,18.11,1027.01,3,12.67,21.03,31.62,119.94
5.96s,12.67,1115.71,18.11,1043.83,3,12.03,20.01,31.94,119.97
4.33s,13.03,1128.74,18.11,1063.80,3,13.37,22.27,36.80,119.96
4.04s,14.37,1143.11,18.11,1076.96,3,13.05,21.64,33.34,119.96
5.83s,26.09,1169.20,18.11,1091.92,3,12.98,21.60,32.47,119.96
5.99s,25.97,1195.17,18.11,1107.04,3,12.69,21.02,31.63,119.94
7.76s,13.69,1208.86,18.11,1123.84,3,12.03,19.97,31.92,119.96
8.92s,12.03,1220.89,18.11,1143.84,3,13.38,22.28,36.83,119.96
4.78s,14.38,1235.26,18.11,1156.97,3,13.05,21.66,33.29,119.96
5.88s,13.05,1248.31,18.11,1171.93,4,13.00,21.60,32.48,119.97
4.11s,14.00,1262.31,23.24,1187.05,3,12.65,21.04,31.62,119.97
3.90s,13.65,1275.96,23.24,1203.84,3,12.01,19.96,31.93,119.96
3.53s,13.01,1288.96,23.24,1223.84,3,13.37,22.28,36.79,119.96
7.36s,13.37,1302.33,23.24,1236.97,3,13.03,21.64,33.28,119.96
6.56s,26.06,1328.40,23.24,1251.93,3,12.98,21.60,32.46,119.96
5.59s,25.95,1354.35,23.24,1267.05,2,12.64,21.03,30.31,119.96
7.98s,25.29,1379.63,23.24,1283.84,2,12.00,19.96,27.21,119.94
10.78s,12.00,1391.63,23.24,1303.85,3,13.38,22.28,36.83,119.96
7.24s,26.75,1418.39,23.24,1316.97,3,13.03,21.64,33.30,119.96
6.11s,13.03,1431.42,23.24,1331.93,3,13.00,21.59,32.46,119.96
7.51s,13.00,1444.42,23.33,1347.10,4,12.65,21.04,31.65,119.96
7.63s,12.65,1457.07,32.54,1363.86,3,12.00,19.96,31.96,119.96
6.00s,12.00,1469.07,32.54,1383.88,4,13.38,22.28,36.81,119.96
5.34s,26.77,1495.84,34.45,1396.97,4,13.03,21.65,33.28,119.96
3.22s,14.03,1509.87,34.45,1411.93,3,12.98,21.58,32.42,119.94
7.80s,25.96,1535.83,34.45,1427.10,3,12.68,21.08,31.63,119.94
6.65s,25.35,1561.19,34.45,1443.88,3,12.01,19.97,31.98,119.94
8.16s,13.01,1574.20,34.45,1463.88,3,13.38,22.28,36.80,119.97
7.00s,26.77,1600.96,34.45,1476.97,3,13.01,21.68,33.27,119.96
7.21s,26.02,1626.98,34.45,1491.96,4,13.00,21.59,32.45,119.95
8.19s,14.00,1640.98,43.87,1507.12,4,12.66,21.06,31.62,119.95
8.12s,25.33,1666.30,50.32,1523.88,4,12.00,19.96,31.96,119.96
6.39s,12.00,1678.30,50.32,1543.88,4,13.39,22.28,36.80,119.96
7.37s,26.79,1705.09,57.08,1556.97,4,13.03,21.65,33.28,119.97
