time,r,a,ld,s,qdel,min_c,max_c,min_b,max_b
3.08s,10.00,10.00,0.00,0.04,0,5.03,119.94,0.03,119.94
6.41s,10.05,20.05,0.00,10.00,1,5.01,119.94,0.05,119.94
3.40s,10.03,30.08,0.00,20.08,0,6.69,119.94,0.04,119.95
4.69s,13.39,43.47,0.00,30.09,0,7.55,119.95,0.05,119.94
4.47s,15.10,58.56,0.00,43.47,0,8.73,119.95,0.01,119.94
4.88s,17.46,76.03,0.00,58.57,0,9.73,119.95,0.04,119.94
4.21s,19.46,95.48,0.00,76.03,0,11.49,119.95,0.05,119.94
3.60s,22.98,118.47,0.00,95.48,1,13.11,119.95,0.06,119.94
3.53s,26.21,144.68,0.00,110.09,1,13.34,22.21,2.58,119.95
3.53s,14.34,159.02,0.00,123.50,1,13.01,21.64,11.21,119.95
5.58s,13.01,172.03,0.00,138.58,2,12.51,20.80,15.65,119.96
4.55s,25.02,197.06,0.00,156.04,2,12.15,20.17,21.21,119.96
3.43s,24.30,221.35,0.00,175.49,1,13.08,21.80,20.45,119.95
2.76s,14.08,235.43,0.00,190.12,2,13.32,22.18,17.20,119.96
6.39s,26.65,262.08,0.00,203.53,2,13.04,21.63,26.01,119.96
5.09s,26.08,288.16,0.00,218.60,3,12.52,20.85,31.29,119.96
11.28s,12.52,300.68,0.00,236.07,2,12.12,20.17,31.55,119.95
7.25s,24.23,324.91,0.00,255.54,3,13.09,21.77,36.94,119.96
5.17s,14.09,339.01,0.00,270.14,3,13.35,22.20,34.38,119.97
6.47s,26.71,365.71,0.00,283.54,4,13.03,21.62,32.48,119.96
4.94s,14.03,379.74,2.06,298.62,4,12.53,20.81,31.31,119.96
5.70s,12.53,392.27,2.06,316.09,4,12.15,20.15,32.56,119.95
7.17s,24.30,416.57,8.82,335.54,3,13.08,21.79,36.93,119.96
6.70s,26.16,442.72,8.82,350.16,4,13.32,22.18,34.41,119.95
6.62s,14.32,457.05,15.55,363.54,4,13.01,21.60,32.47,119.96
9.37s,13.01,470.06,16.20,378.62,3,12.51,20.80,31.29,119.96
4.88s,13.51,483.57,16.20,396.12,4,12.13,20.16,32.61,119.96
6.08s,12.13,495.69,16.20,415.54,4,13.08,21.78,36.95,119.95
3.19s,14.08,509.78,27.19,430.16,3,13.32,22.18,34.39,119.96
4.82s,14.32,524.10,27.38,443.57,3,13.04,21.62,32.51,119.96
3.71s,13.04,537.14,27.44,458.62,3,12.50,20.79,31.26,119.97
3.44s,13.50,550.64,27.44,476.16,3,12.17,20.19,32.61,119.96
5.16s,24.34,574.97,27.44,495.54,3,13.09,21.76,36.92,119.97
3.98s,14.09,589.06,27.44,510.19,2,13.33,22.16,33.40,119.96
5.11s,26.66,615.72,27.44,523.57,2,13.01,21.60,31.50,119.97
3.20s,14.01,629.73,27.44,538.65,3,12.50,20.79,31.26,119.94
5.10s,13.50,643.24,27.44,556.16,3,12.13,20.16,32.61,119.94
7.65s,12.13,655.37,27.44,575.54,3,13.07,21.74,36.94,119.97
5.50s,26.14,681.51,27.44,590.22,3,13.33,22.18,34.41,119.97
4.28s,14.33,695.84,27.44,603.57,3,13.03,21.62,32.48,119.94
5.92s,26.06,721.90,27.44,618.70,3,12.51,20.79,31.28,119.94
7.04s,12.51,734.42,27.44,636.16,3,12.17,20.17,32.62,119.97
6.70s,24.34,758.75,27.44,655.54,3,13.09,21.74,36.86,119.96
4.52s,14.09,772.85,27.44,670.22,3,13.36,22.19,34.37,119.96
9.25s,13.36,786.21,27.44,683.58,4,12.99,21.59,32.47,119.94
4.70s,13.99,800.20,36.20,698.71,3,12.51,20.81,31.28,119.95
6.58s,12.51,812.71,36.45,716.17,4,12.13,20.18,32.61,119.96
6.27s,12.13,824.84,42.58,735.56,3,13.07,21.73,36.86,119.96
4.95s,26.13,850.98,42.58,750.23,3,13.35,22.18,34.35,119.97
5.55s,26.71,877.68,42.58,763.61,3,13.02,21.61,32.46,119.96
8.91s,26.04,903.72,42.58,778.73,3,12.52,20.81,31.32,119.96
10.15s,25.05,928.76,42.58,796.22,3,12.14,20.18,32.61,119.96
9.11s,12.14,940.91,42.58,815.60,3,13.07,21.74,36.88,119.96
8.47s,26.15,967.06,42.58,830.25,4,13.34,22.16,34.35,119.95
7.16s,26.67,993.73,47.43,843.61,4,12.99,21.59,32.48,119.94
10.78s,12.99,1006.72,47.43,858.73,4,12.50,20.79,31.26,119.96
6.60s,13.50,1020.23,52.54,876.22,5,12.15,20.16,32.64,119.96
9.68s,12.15,1032.37,64.68,895.62,4,13.11,21.77,36.89,119.95
6.42s,13.11,1045.48,71.44,910.25,4,13.33,22.18,34.36,119.97
4.86s,14.33,1059.81,83.11,923.61,4,13.00,21.60,32.45,119.94
3.51s,14.00,1073.80,83.11,938.73,3,12.50,20.79,31.28,119.96
3.72s,13.50,1087.30,83.11,956.22,3,12.12,20.18,32.62,119.96
7.15s,12.12,1099.42,83.11,975.65,3,13.08,21.80,36.94,119.96
6.62s,26.16,1125.59,83.11,990.26,3,13.38,22.17,34.37,119.96
5.12s,26.75,1152.34,83.11,1003.62,3,12.99,21.59,32.48,119.97
7.46s,12.99,1165.33,83.11,1018.76,2,12.51,20.80,28.88,119.94
6.35s,25.02,1190.35,83.11,1036.27,3,12.12,20.18,32.67,119.96
6.91s,24.25,1214.60,83.11,1055.68,3,13.08,21.80,36.92,119.97
6.89s,13.08,1227.68,83.11,1070.30,3,13.33,22.19,34.38,119.96
5.60s,13.33,1241.01,83.11,1083.62,3,12.97,21.59,32.45,119.95
4.32s,13.97,1254.99,83.11,1098.76,4,12.52,20.80,31.26,119.94
7.73s,25.03,1280.02,91.58,1116.27,4,12.13,20.16,32.69,119.94
6.33s,24.26,1304.27,92.00,1135.68,4,13.08,21.79,36.93,119.96
6.74s,13.08,1317.35,92.00,1150.30,3,13.35,22.21,34.36,119.96
4.19s,14.35,1331.70,92.00,1163.64,3,12.98,21.63,32.46,119.96
7.29s,25.96,1357.66,92.17,1178.79,4,12.50,20.80,31.29,119.96
5.15s,13.50,1371.17,101.23,1196.27,4,12.16,20.18,32.64,119.96
8.85s,12.16,1383.33,102.67,1215.68,3,13.08,21.79,36.89,119.96
5.93s,26.15,1409.49,102.67,1230.30,3,13.33,22.18,34.37,119.96
6.17s,26.66,1436.15,102.67,1243.64,4,12.98,21.62,32.43,119.95
8.47s,25.95,1462.10,113.38,1258.79,3,12.54,20.84,31.27,119.95
7.79s,25.07,1487.17,113.38,1276.27,3,12.13,20.16,32.62,119.96
8.09s,13.13,1500.30,113.38,1295.68,4,13.08,21.79,36.89,119.96
4.93s,14.08,1514.38,113.80,1310.34,4,13.38,22.22,34.39,119.96
8.26s,13.38,1527.75,125.81,1323.65,4,12.97,21.59,32.46,119.96
6.81s,12.97,1540.73,138.45,1338.81,4,12.51,20.80,31.27,119.96
6.72s,25.02,1565.75,145.02,1356.28,3,12.12,20.20,32.65,119.96
5.24s,24.25,1589.99,145.02,1375.72,3,13.09,21.76,36.96,119.94
3.93s,14.09,1604.08,145.02,1390.34,3,13.34,22.19,34.38,119.94
5.87s,13.34,1617.42,145.02,1403.65,3,12.97,21.59,32.44,119.95
3.35s,13.97,1631.39,145.02,1418.83,4,12.51,20.81,31.29,119.96
3.51s,13.51,1644.90,146.92,1436.28,4,12.16,20.14,32.64,119.96
5.92s,24.32,1669.22,153.72,1455.72,3,13.08,21.79,36.89,119.96
3.67s,14.08,1683.29,153.72,1470.34,3,13.34,22.18,34.38,119.97
9.37s,13.34,1696.63,153.72,1483.67,3,12.97,21.61,32.43,119.96
7.64s,12.97,1709.60,153.72,1498.83,3,12.51,20.80,31.32,119.94
4.54s,13.51,1723.12,153.72,1516.29,3,12.16,20.19,32.62,119.97
3.90s,13.16,1736.28,153.82,1535.72,3,13.10,21.75,36.91,119.96
4.90s,13.10,1749.37,153.82,1550.34,3,13.35,22.19,34.35,119.96
5.48s,26.70,1776.08,153.82,1563.70,3,12.99,21.59,32.46,119.96
