time,r,a,ld,s,qdel,min_c,max_c,min_b,max_b
2.87s,10.00,10.00,0.00,10.00,0,10.00,119.95,0.04,119.95
3.25s,11.00,21.00,0.00,21.00,0,11.00,119.95,0.06,119.94
2.95s,12.00,33.00,0.00,33.00,0,12.00,119.95,0.06,119.94
2.26s,24.00,57.00,0.00,53.00,0,20.02,119.95,0.06,119.94
4.56s,40.03,97.03,0.00,73.00,0,20.02,119.96,0.06,119.94
4.51s,40.03,137.06,0.00,93.00,1,20.00,35.97,0.04,119.95
4.15s,40.00,177.06,0.00,113.00,1,20.00,27.96,12.06,119.95
6.30s,40.00,217.06,0.00,133.00,2,19.01,26.67,25.39,119.96
6.77s,19.01,236.07,0.00,153.00,2,16.01,26.63,24.07,119.96
7.38s,17.01,253.08,0.00,173.00,3,16.00,26.62,40.02,119.96
5.76s,32.01,285.09,0.00,193.00,3,16.01,26.62,40.00,119.96
7.20s,16.01,301.10,0.00,213.00,4,16.03,26.62,40.04,119.96
6.80s,32.06,333.16,0.00,233.00,4,16.00,26.66,40.00,119.96
6.15s,16.00,349.16,0.12,253.00,3,16.00,26.66,40.03,119.95
7.80s,32.00,381.16,0.58,273.00,4,16.00,26.66,40.03,119.96
8.62s,16.00,397.16,8.10,293.00,4,16.00,26.66,40.03,119.96
4.87s,32.00,429.16,8.10,313.00,4,16.02,26.64,40.00,119.96
8.16s,16.02,445.17,15.66,333.00,4,16.01,26.67,40.03,119.96
5.41s,32.02,477.20,15.66,353.00,4,16.02,26.64,40.05,119.95
8.71s,16.02,493.21,16.16,373.00,4,16.02,26.63,40.02,119.96
6.23s,17.02,510.23,16.16,393.00,4,16.01,26.65,40.00,119.95
8.04s,16.01,526.24,16.91,413.00,4,16.00,26.66,40.01,119.96
7.79s,32.00,558.24,25.24,433.00,4,16.01,26.64,40.02,119.95
4.11s,17.01,575.25,25.24,453.00,4,16.01,26.67,40.02,119.96
4.12s,17.01,592.26,25.24,473.00,4,16.01,26.67,40.02,119.95
9.19s,16.01,608.28,25.24,493.00,4,16.00,26.66,40.03,119.96
5.51s,17.00,625.28,25.24,513.00,4,16.01,26.63,40.01,119.95
5.82s,16.01,641.29,26.24,533.00,4,16.00,26.66,40.01,119.95
5.70s,32.00,673.29,26.24,553.00,4,16.01,26.63,40.01,119.96
11.04s,16.01,689.31,26.24,573.00,4,16.01,26.62,40.01,119.96
6.14s,16.01,705.32,27.24,593.00,4,16.01,26.62,40.02,119.96
7.24s,16.01,721.33,27.24,613.00,4,16.01,26.62,40.01,119.96
4.95s,17.01,738.34,27.24,633.00,4,16.00,26.66,40.03,119.96
3.52s,17.00,755.34,28.24,653.00,4,16.02,26.66,40.01,119.97
4.06s,17.02,772.36,28.24,673.00,4,16.00,26.66,40.02,119.95
4.67s,17.00,789.37,28.24,693.00,4,16.00,26.66,40.03,119.96
3.11s,17.00,806.37,28.24,713.00,3,16.02,26.66,40.01,119.95
4.06s,17.02,823.38,28.24,733.00,3,16.00,26.66,40.05,119.94
5.53s,32.00,855.38,28.24,753.00,3,16.02,26.66,40.03,119.94
6.29s,16.02,871.40,28.24,773.00,3,16.02,26.63,40.02,119.97
4.50s,17.02,888.42,28.24,793.00,3,16.00,26.66,40.02,119.95
6.76s,16.00,904.42,28.24,813.00,3,16.01,26.62,40.01,119.94
6.95s,16.01,920.42,28.24,833.00,3,16.05,26.65,40.03,119.95
5.38s,32.10,952.52,28.24,853.00,3,16.00,26.67,40.04,119.96
6.30s,32.00,984.52,28.24,873.00,3,16.00,26.66,40.01,119.95
8.96s,16.00,1000.52,28.24,893.00,2,16.02,26.64,39.02,119.94
7.77s,16.02,1016.54,28.24,913.00,3,16.00,26.62,40.04,119.96
7.10s,16.00,1032.54,28.24,933.00,3,16.00,26.62,40.04,119.96
3.55s,17.00,1049.55,28.24,953.00,4,16.02,26.64,40.02,119.94
5.27s,16.02,1065.56,28.24,973.00,3,16.00,26.66,40.01,119.95
6.69s,16.00,1081.56,28.24,993.00,3,16.00,26.66,40.02,119.94
4.80s,16.00,1097.56,28.24,1013.00,3,16.01,26.66,40.00,119.94
5.28s,32.01,1129.58,28.24,1033.00,3,16.01,26.63,40.02,119.97
7.70s,16.01,1145.58,28.24,1053.00,3,16.00,26.66,40.02,119.95
3.63s,17.00,1162.58,28.24,1073.00,2,16.00,26.66,36.36,119.94
4.74s,32.00,1194.58,28.24,1093.00,3,16.00,26.66,40.04,119.94
3.33s,17.00,1211.58,28.24,1113.00,3,16.02,26.64,40.01,119.95
5.16s,16.02,1227.60,28.24,1133.00,3,16.02,26.63,40.02,119.95
5.59s,16.02,1243.62,28.24,1153.00,3,16.00,26.66,40.01,119.94
6.34s,16.00,1259.62,28.24,1173.00,3,16.00,26.66,40.03,119.96
3.25s,17.00,1276.62,28.24,1193.00,3,16.05,26.64,40.02,119.94
4.81s,16.05,1292.67,28.24,1213.00,3,16.02,26.65,40.01,119.96
3.58s,17.02,1309.68,28.24,1233.00,2,16.00,26.66,38.41,119.96
3.34s,16.00,1325.68,28.24,1253.00,2,16.00,26.66,35.42,119.96
3.31s,32.00,1357.68,28.24,1273.00,2,16.00,26.66,31.47,119.94
3.54s,32.00,1389.68,28.24,1293.00,2,16.00,26.66,28.47,119.97
6.03s,16.00,1405.68,28.24,1313.00,2,16.02,26.64,24.44,119.95
3.29s,17.02,1422.70,28.24,1333.00,2,16.00,26.66,36.48,119.94
6.13s,16.00,1438.70,28.24,1353.00,3,16.01,26.66,40.02,119.96
4.19s,17.01,1455.70,28.24,1373.00,3,16.03,26.64,40.04,119.96
5.22s,32.06,1487.76,28.24,1393.00,3,16.00,26.66,40.03,119.96
7.84s,16.00,1503.76,28.24,1413.00,2,16.02,26.64,37.46,119.96
3.67s,32.03,1535.79,28.24,1433.00,2,16.00,26.66,34.52,119.94
5.32s,16.00,1551.79,28.24,1453.00,3,16.00,26.66,40.03,119.96
4.73s,17.00,1568.79,28.24,1473.00,3,16.03,26.63,40.04,119.96
6.92s,16.03,1584.82,28.24,1493.00,3,16.03,26.64,40.00,119.96
6.64s,16.03,1600.85,28.24,1513.00,3,16.00,26.66,40.03,119.94
3.78s,17.00,1617.85,28.24,1533.00,3,16.01,26.62,40.03,119.97
3.68s,17.01,1634.86,28.24,1553.00,3,16.00,26.66,40.02,119.97
5.13s,16.00,1650.86,28.24,1573.00,2,16.00,26.66,39.04,119.96
4.43s,16.00,1666.86,28.24,1593.00,2,16.00,26.66,36.62,119.96
2.34s,17.00,1683.86,28.24,1613.00,2,16.01,26.66,33.63,119.96
2.51s,32.01,1715.88,28.24,1633.00,2,16.00,26.66,29.67,119.97
2.02s,17.00,1732.88,28.24,1653.00,2,16.00,26.66,25.67,119.97
3.44s,32.00,1764.88,28.24,1673.00,2,16.00,26.66,22.68,119.94
5.42s,16.00,1780.88,28.24,1693.00,2,16.03,26.64,34.66,119.97
3.70s,32.06,1812.94,28.24,1713.00,2,16.00,26.66,31.68,119.97
4.84s,32.00,1844.94,28.24,1733.00,3,16.02,26.64,40.02,119.95
6.21s,17.02,1861.95,28.24,1753.00,2,16.00,26.66,39.00,119.96
5.17s,32.00,1893.95,28.24,1773.00,3,16.00,26.66,40.00,119.96
3.88s,17.00,1910.95,28.24,1793.00,3,16.00,26.66,40.04,119.97
5.34s,32.01,1942.96,28.24,1813.00,4,16.02,26.64,40.02,119.94
6.87s,32.03,1974.99,29.96,1833.00,3,16.02,26.64,40.04,119.96
7.41s,17.02,1992.01,29.96,1853.00,4,16.03,26.62,40.01,119.96
9.71s,16.03,2008.04,29.96,1873.00,4,16.02,26.62,40.03,119.97
8.52s,16.02,2024.06,37.95,1893.00,4,16.01,26.62,40.03,119.96
9.19s,16.01,2040.07,41.99,1913.00,4,16.00,26.62,40.00,119.95
5.53s,16.00,2056.07,42.99,1933.00,4,16.00,26.66,40.01,119.95
4.85s,17.00,2073.07,50.99,1953.00,4,16.02,26.64,40.02,119.94
7.55s,32.03,2105.10,51.06,1973.00,4,16.03,26.64,40.04,119.96
