time,r,a,ld,s,qdel,min_c,max_c,min_b,max_b
4.83s,6.00,6.00,0.00,0.04,0,5.00,119.94,0.06,119.94
5.02s,6.00,12.00,0.00,6.00,1,5.00,119.94,0.06,119.94
3.97s,6.00,18.00,0.00,12.00,1,5.02,119.94,0.06,119.94
4.32s,5.02,23.02,0.00,18.02,0,5.04,119.94,0.04,119.94
4.60s,6.04,29.06,0.00,23.03,0,5.02,119.94,0.00,119.94
4.29s,6.02,35.07,0.00,29.06,0,5.02,119.94,0.05,119.94
4.60s,6.02,41.10,0.00,35.08,0,5.04,119.94,0.02,119.94
4.27s,6.04,47.13,0.00,41.10,0,5.04,119.94,0.04,119.94
4.79s,5.04,52.18,0.00,47.13,1,5.00,119.94,0.05,119.94
3.57s,6.00,58.18,0.00,52.18,1,5.00,119.94,0.05,119.94
4.08s,5.00,63.18,0.00,58.18,1,5.03,119.95,0.06,119.94
3.86s,10.06,73.24,0.00,63.18,1,5.00,119.94,0.03,119.94
4.08s,5.00,78.24,0.00,73.24,1,5.30,119.94,0.04,119.94
3.44s,10.59,88.84,0.00,78.24,1,5.29,119.95,0.06,119.94
3.79s,6.29,95.13,0.00,88.84,1,6.44,119.94,0.06,119.94
3.29s,6.44,101.56,0.00,95.13,1,6.46,119.94,0.05,119.94
5.62s,7.46,109.02,0.00,101.56,1,5.87,119.94,0.04,119.94
4.05s,6.87,115.89,0.00,109.02,1,6.17,119.95,0.04,119.94
4.42s,6.17,122.05,0.00,115.89,1,5.41,119.94,0.04,119.94
4.16s,10.82,132.88,0.00,122.05,1,5.39,119.94,0.04,119.94
4.86s,5.39,138.27,0.00,132.88,1,6.29,119.94,0.04,119.94
3.64s,6.29,144.56,0.00,138.27,1,6.00,119.94,0.03,119.94
5.30s,7.00,151.57,0.00,144.56,1,5.75,119.94,0.04,119.94
4.27s,11.50,163.07,0.00,151.57,1,5.94,119.94,0.04,119.94
4.69s,5.94,169.01,0.00,163.07,1,6.23,119.94,0.04,119.94
3.61s,7.23,176.24,0.00,169.01,1,6.23,119.95,0.06,119.94
4.67s,12.46,188.70,0.00,176.24,1,6.38,119.94,0.04,119.94
4.08s,7.38,196.08,0.00,188.70,1,7.43,119.95,0.03,119.94
3.60s,8.43,204.50,0.00,196.08,1,6.80,119.94,0.05,119.94
3.49s,7.80,212.31,0.00,204.50,1,7.13,119.95,0.05,119.94
3.66s,8.13,220.43,0.00,212.31,1,7.25,119.94,0.04,119.94
4.60s,7.25,227.69,0.00,220.43,1,6.35,119.94,0.05,119.94
3.96s,6.35,234.03,0.00,227.69,1,6.32,119.94,0.05,119.94
3.89s,6.32,240.36,0.00,234.03,1,5.91,119.94,0.05,119.94
3.93s,6.91,247.26,0.00,240.36,1,5.63,119.94,0.04,119.94
4.16s,5.63,252.89,0.00,247.26,1,5.40,119.94,0.04,119.94
4.44s,5.40,258.29,0.00,252.91,0,5.07,119.94,0.06,119.94
6.03s,10.14,268.44,0.00,258.30,0,5.03,119.95,0.06,119.94
5.29s,6.03,274.47,0.00,268.44,0,5.64,119.94,0.05,119.94
5.39s,5.64,280.10,0.00,274.47,0,5.46,119.94,0.04,119.94
8.08s,5.46,285.56,0.00,280.11,0,5.49,119.94,0.06,119.94
5.86s,10.98,296.54,0.00,285.56,1,5.46,119.94,0.04,119.95
4.27s,6.46,303.00,0.00,296.54,1,5.65,119.94,0.03,119.94
3.75s,6.65,309.65,0.00,303.00,1,5.83,119.95,0.06,119.94
4.49s,5.83,315.48,0.00,309.65,0,6.02,119.94,0.05,119.94
5.58s,12.04,327.53,0.00,315.48,1,6.02,119.95,0.06,119.94
4.77s,6.02,333.55,0.00,327.53,1,6.20,119.94,0.05,119.94
3.62s,12.39,345.94,0.00,333.55,1,6.14,119.95,0.04,119.94
4.55s,6.14,352.08,0.00,345.94,0,7.62,119.95,0.04,119.94
6.53s,8.62,360.71,0.00,352.08,1,7.65,119.95,0.04,119.94
4.50s,7.65,368.35,0.00,360.71,1,6.80,119.94,0.04,119.94
4.08s,7.80,376.16,0.00,368.35,1,6.99,119.95,0.06,119.94
4.07s,7.99,384.14,0.00,376.16,0,6.06,119.95,0.06,119.94
4.55s,7.06,391.21,0.00,384.14,1,6.44,119.94,0.06,119.94
3.71s,7.44,398.64,0.00,391.21,1,6.12,119.94,0.04,119.94
4.08s,7.12,405.77,0.00,398.64,1,6.06,119.95,0.03,119.94
3.95s,7.06,412.83,0.00,405.77,0,5.97,119.94,0.06,119.94
4.76s,6.97,419.80,0.00,412.83,1,5.75,119.94,0.06,119.94
3.81s,6.75,426.55,0.00,419.80,1,5.72,119.94,0.04,119.94
4.00s,5.72,432.27,0.00,426.55,1,5.62,119.94,0.06,119.94
3.49s,6.62,438.89,0.00,432.27,0,5.35,119.94,0.06,119.94
4.52s,6.35,445.24,0.00,438.89,1,5.25,119.94,0.05,119.94
4.25s,5.25,450.49,0.00,445.24,1,5.11,119.94,0.03,119.94
3.79s,6.11,456.59,0.00,450.49,1,5.02,119.94,0.04,119.94
3.91s,10.03,466.63,0.00,456.59,1,5.05,119.94,0.06,119.94
3.65s,6.05,472.67,0.00,466.63,1,5.55,119.94,0.04,119.94
3.62s,11.10,483.77,0.00,472.67,1,5.57,119.94,0.06,119.94
3.84s,5.57,489.34,0.00,483.77,1,6.82,119.95,0.06,119.94
3.49s,7.82,497.17,0.00,489.34,1,6.79,119.94,0.05,119.94
4.40s,13.59,510.76,0.00,497.17,1,6.17,119.94,0.04,119.94
4.18s,7.17,517.93,0.00,510.76,1,7.63,119.95,0.05,119.94
4.29s,15.26,533.19,0.00,517.93,1,7.15,119.94,0.06,119.94
5.02s,7.15,540.34,0.00,533.19,1,9.06,119.95,0.06,119.94
3.78s,9.06,549.40,0.00,540.34,1,9.01,119.95,0.05,119.94
4.50s,9.01,558.42,0.00,549.40,1,7.88,119.95,0.06,119.95
4.35s,8.88,567.30,0.00,558.42,1,8.10,119.95,0.06,119.95
3.96s,8.10,575.39,0.00,567.30,1,6.82,119.94,0.05,119.94
4.25s,6.82,582.21,0.00,575.39,1,7.02,119.95,0.05,119.94
4.53s,7.02,589.24,0.00,582.21,1,6.61,119.94,0.04,119.94
4.69s,13.21,602.45,0.00,589.24,1,6.22,119.94,0.05,119.94
4.74s,7.22,609.67,0.00,602.45,1,7.06,119.95,0.04,119.94
4.24s,14.12,623.79,0.00,609.67,1,6.88,119.94,0.05,119.94
4.96s,6.88,630.67,0.00,623.79,1,8.64,119.95,0.03,119.95
3.83s,17.28,647.94,0.00,630.67,1,8.65,119.95,0.06,119.94
6.15s,9.65,657.60,0.00,647.94,1,9.57,119.95,0.05,119.94
4.00s,9.57,667.17,0.00,657.60,0,9.62,119.95,0.06,119.94
5.88s,10.62,677.78,0.00,667.17,1,9.14,119.95,0.05,119.94
4.28s,10.14,687.93,0.00,677.78,0,9.46,119.95,0.04,119.95
3.87s,10.46,698.39,0.00,687.93,1,8.00,119.95,0.06,119.94
4.98s,8.00,706.39,0.00,698.39,1,8.16,119.95,0.04,119.94
4.04s,16.32,722.71,0.00,706.39,1,7.87,119.95,0.06,119.94
4.14s,7.87,730.58,0.00,722.71,0,9.02,119.95,0.03,119.94
5.91s,9.02,739.60,0.00,730.58,1,8.70,119.95,0.03,119.94
4.01s,8.70,748.30,0.00,739.60,1,8.30,119.95,0.03,119.95
4.24s,9.30,757.60,0.00,748.30,1,8.41,119.95,0.06,119.94
3.75s,9.41,767.01,0.00,757.60,0,7.01,119.95,0.00,119.94
5.32s,8.01,775.03,0.00,767.01,1,7.32,119.95,0.03,119.94
3.53s,8.32,783.34,0.00,775.03,1,7.09,119.94,0.05,119.94
4.07s,7.09,790.43,0.00,783.34,1,7.03,119.95,0.06,119.94
4.67s,14.07,804.50,0.00,790.43,1,6.59,119.94,0.03,119.94
