time,r,a,ld,s,qdel,min_c,max_c,min_b,max_b
6.54s,6.00,6.00,0.00,0.00,0,5.00,120.00,0.05,120.00
9.27s,6.00,12.00,0.00,6.00,1,5.00,120.00,0.06,120.00
6.14s,6.00,18.00,0.00,12.00,1,5.02,120.00,0.06,120.00
6.01s,6.02,24.02,0.00,18.04,0,5.03,120.00,0.06,120.00
6.89s,6.03,30.04,0.00,24.04,0,5.02,120.00,0.01,120.00
7.47s,6.02,36.07,0.00,30.05,0,5.02,120.00,0.02,120.00
9.29s,6.02,42.09,0.00,36.07,0,5.03,120.00,0.04,120.00
7.46s,6.03,48.12,0.00,42.09,0,5.04,120.00,0.06,120.00
7.92s,6.04,54.16,0.00,48.12,0,5.04,120.00,0.06,120.00
7.68s,6.04,60.20,0.00,54.16,1,5.00,120.00,0.01,120.00
6.26s,6.00,66.20,0.00,60.20,1,5.00,120.00,0.04,120.00
5.95s,10.00,76.20,0.00,66.20,1,5.01,120.00,0.04,120.00
7.45s,5.01,81.21,0.00,76.20,1,5.63,120.00,0.06,120.00
6.50s,11.27,92.47,0.00,81.21,1,5.53,120.00,0.04,120.00
8.74s,5.53,98.00,0.00,92.47,1,6.57,120.00,0.05,120.00
6.88s,6.57,104.57,0.00,98.00,1,6.58,120.00,0.04,120.00
6.73s,7.58,112.14,0.00,104.57,1,5.85,120.00,0.04,120.00
6.21s,6.85,119.00,0.00,112.14,1,6.20,120.00,0.04,120.00
6.59s,7.20,126.19,0.00,119.00,1,5.33,120.00,0.05,120.00
8.17s,5.33,131.53,0.00,126.19,1,5.64,120.00,0.04,120.00
5.49s,11.28,142.81,0.00,131.53,1,5.42,120.00,0.06,120.00
8.87s,6.42,149.23,0.00,142.81,1,6.15,120.00,0.04,120.00
7.31s,7.15,156.38,0.00,149.23,1,6.07,120.00,0.04,120.00
8.01s,6.07,162.45,0.00,156.38,1,6.25,120.00,0.04,120.00
5.47s,12.50,174.95,0.00,162.45,1,6.22,120.00,0.05,120.00
8.13s,7.22,182.17,0.00,174.95,1,6.46,120.00,0.04,120.00
7.51s,3.23,185.40,0.00,182.17,1,6.59,120.00,0.05,120.00
5.82s,13.18,198.58,0.00,185.40,0,6.59,120.00,0.03,120.00
10.58s,6.59,205.16,0.00,198.58,0,7.23,120.00,0.06,120.00
12.95s,8.23,213.39,0.00,205.16,0,6.64,120.00,0.05,120.00
7.53s,3.32,216.71,0.00,213.39,0,7.04,120.00,0.04,120.00
12.00s,8.04,224.75,0.00,216.71,1,7.01,120.00,0.04,120.00
7.54s,8.01,232.76,0.00,224.75,1,5.24,120.00,0.04,120.00
7.38s,2.62,235.38,0.00,232.76,1,5.53,120.00,0.06,120.00
5.99s,11.06,246.44,0.00,235.38,1,5.39,120.00,0.06,120.00
10.07s,6.39,252.82,0.00,246.45,0,5.96,120.00,0.04,120.00
9.80s,5.96,258.78,0.00,252.83,0,5.85,120.00,0.04,120.00
10.11s,5.85,264.63,0.00,258.78,0,5.85,120.00,0.06,120.00
9.94s,6.85,271.49,0.00,264.63,0,5.87,120.00,0.05,120.00
6.74s,6.87,278.36,0.00,271.49,1,5.04,120.00,0.03,120.00
7.84s,10.09,288.44,0.00,278.36,1,5.13,120.00,0.06,120.00
7.48s,2.57,291.01,0.00,288.44,1,5.95,120.00,0.05,120.00
5.58s,11.90,302.91,0.00,291.01,0,5.95,120.00,0.06,120.00
13.10s,5.95,308.87,0.00,302.91,1,6.32,120.00,0.06,120.00
6.66s,7.32,316.19,0.00,308.87,1,6.16,120.00,0.05,120.00
8.30s,6.16,322.35,0.00,316.19,1,6.29,120.00,0.05,120.00
5.82s,7.29,329.65,0.00,322.35,0,6.31,120.00,0.06,120.00
6.16s,7.31,336.96,0.00,329.65,1,5.38,120.00,0.04,120.00
8.41s,6.38,343.33,0.00,336.96,1,5.62,120.00,0.04,120.00
7.52s,6.62,349.95,0.00,343.33,1,5.48,120.00,0.06,120.00
7.75s,6.48,356.43,0.00,349.95,0,5.54,120.00,0.06,120.00
9.77s,6.54,362.97,0.00,356.43,1,5.40,120.00,0.05,120.00
6.62s,6.40,369.37,0.00,362.97,1,5.20,120.00,0.04,120.00
7.23s,6.20,375.58,0.00,369.37,1,5.22,120.00,0.06,120.00
6.18s,6.22,381.80,0.00,375.58,0,5.16,120.00,0.06,120.00
10.10s,6.16,387.96,0.00,381.80,1,5.11,120.00,0.06,120.00
6.31s,6.11,394.06,0.00,387.96,1,5.00,120.00,0.04,120.00
6.24s,6.00,400.06,0.00,394.06,1,5.00,120.00,0.04,120.00
6.61s,10.00,410.06,0.00,400.06,1,5.04,120.00,0.05,120.00
8.03s,6.04,416.10,0.00,410.06,1,5.65,120.00,0.04,120.00
7.66s,11.31,427.41,0.00,416.10,1,5.64,120.00,0.06,120.00
8.33s,2.82,430.23,0.00,427.41,1,6.87,120.00,0.06,120.00
6.00s,7.87,438.10,0.00,430.23,1,6.85,120.00,0.06,120.00
6.77s,13.69,451.79,0.00,438.10,1,5.82,120.00,0.06,120.00
8.39s,2.91,454.70,0.00,451.79,1,7.19,120.00,0.06,120.00
6.39s,14.37,469.07,0.00,454.70,0,7.22,120.00,0.04,120.00
11.93s,3.61,472.68,0.00,469.07,0,7.81,120.00,0.03,120.00
9.04s,15.62,488.29,0.00,472.68,0,7.75,120.00,0.06,120.00
12.86s,8.75,497.04,0.00,488.29,0,8.44,120.00,0.05,120.00
11.13s,9.44,506.48,0.00,497.04,0,8.48,120.00,0.06,120.00
11.37s,9.48,515.96,0.00,506.48,0,8.50,120.00,0.04,120.00
9.14s,9.50,525.46,0.00,515.96,0,8.66,120.00,0.06,120.00
9.17s,9.66,535.12,0.00,525.46,0,7.46,120.00,0.04,120.00
12.58s,8.46,543.58,0.00,535.12,0,7.62,120.00,0.06,120.00
12.79s,7.62,551.20,0.00,543.58,0,7.45,120.00,0.06,120.00
9.69s,8.45,559.65,0.00,551.20,0,7.07,120.00,0.03,120.00
8.89s,8.07,567.72,0.00,559.65,0,6.89,120.00,0.03,120.00
9.53s,7.89,575.60,0.00,567.72,0,6.53,120.00,0.05,120.00
13.81s,6.53,582.13,0.00,575.60,0,6.44,120.00,0.06,120.00
10.33s,7.44,589.57,0.00,582.13,0,6.19,120.00,0.05,120.00
9.54s,7.19,596.76,0.00,589.57,0,6.02,120.00,0.03,120.00
8.73s,7.02,603.77,0.00,596.76,0,5.86,120.00,0.04,120.00
11.44s,6.86,610.64,0.00,603.78,0,5.66,120.00,0.04,120.00
11.60s,6.66,617.30,0.00,610.64,0,5.75,120.00,0.04,120.00
9.10s,6.75,624.04,0.00,617.30,0,5.58,120.00,0.03,120.00
9.22s,6.58,630.63,0.00,624.04,0,5.49,120.00,0.06,120.00
9.75s,6.49,637.12,0.00,630.63,0,5.37,120.00,0.05,120.00
8.06s,6.37,643.49,0.00,637.12,0,5.31,120.00,0.04,120.00
10.09s,6.31,649.80,0.00,643.49,0,5.26,120.00,0.05,120.00
9.77s,6.26,656.07,0.00,649.80,0,5.19,120.00,0.04,120.00
9.86s,6.19,662.26,0.00,656.07,0,5.11,120.00,0.05,120.00
10.17s,6.11,668.37,0.00,662.26,0,5.04,120.00,0.05,120.00
10.10s,6.04,674.40,0.00,668.37,0,5.02,120.00,0.05,120.00
10.45s,6.02,680.42,0.00,674.41,0,5.03,120.00,0.06,120.00
8.44s,6.03,686.46,0.00,680.42,0,5.00,120.00,0.04,120.00
9.06s,6.00,692.46,0.00,686.46,0,5.02,120.00,0.06,120.00
8.01s,6.02,698.47,0.00,692.46,0,5.04,120.00,0.01,120.00
7.16s,6.04,704.52,0.00,698.47,0,5.04,120.00,0.03,120.00
9.76s,6.04,710.56,0.00,704.52,0,5.00,120.00,0.06,120.00
10.06s,6.00,716.56,0.00,710.56,0,5.00,120.00,0.06,120.00
