time,r,a,ld,s,qdel,min_c,max_c,min_b,max_b
12.09s,6.00,6.00,0.00,0.04,0,5.00,119.94,0.06,119.94
10.42s,6.00,12.00,0.00,6.00,1,5.00,119.94,0.06,119.94
10.27s,5.00,17.00,0.00,12.02,0,5.00,119.94,0.05,119.94
9.82s,6.00,23.00,0.00,17.02,0,5.01,119.94,0.05,119.94
12.97s,6.01,29.01,0.00,23.01,0,5.02,119.94,0.06,119.94
11.37s,2.51,31.52,0.00,29.01,0,5.00,119.94,0.04,119.94
10.41s,5.00,36.52,0.00,31.52,0,5.02,119.94,0.06,119.94
7.34s,10.04,46.56,0.00,36.52,0,5.02,119.94,0.06,119.94
12.41s,5.02,51.58,0.00,46.56,1,5.06,119.94,0.04,119.94
9.09s,2.53,54.11,0.00,51.58,1,5.02,119.94,0.04,119.94
7.20s,6.02,60.13,0.00,54.11,1,5.05,119.95,0.06,119.94
8.53s,5.05,65.18,0.00,60.13,1,5.06,119.94,0.04,119.94
8.71s,5.06,70.23,0.00,65.18,1,5.01,119.94,0.06,119.94
8.48s,5.01,75.24,0.00,70.23,1,5.02,119.94,0.04,119.94
8.66s,2.51,77.75,0.00,75.24,1,5.03,119.94,0.04,119.94
7.00s,6.03,83.78,0.00,77.75,1,5.00,119.94,0.06,119.94
9.90s,5.00,88.78,0.00,83.78,1,5.04,119.94,0.06,119.94
7.90s,6.04,94.82,0.00,88.78,1,5.04,119.94,0.01,119.94
9.31s,5.04,99.86,0.00,94.82,1,5.00,119.94,0.03,119.94
8.68s,6.00,105.86,0.00,99.86,1,5.04,119.94,0.06,119.94
8.91s,5.04,110.90,0.00,105.86,1,5.00,119.94,0.03,119.94
9.00s,5.00,115.90,0.00,110.90,1,5.04,119.94,0.06,119.94
7.39s,6.04,121.93,0.00,115.90,1,5.00,119.94,0.03,119.94
8.97s,5.00,126.93,0.00,121.93,1,5.00,119.94,0.03,119.94
9.14s,2.50,129.43,0.00,126.93,1,5.00,119.94,0.03,119.94
6.67s,2.50,131.93,0.00,129.43,1,5.02,119.94,0.04,119.94
6.86s,6.02,137.95,0.00,131.93,1,5.00,119.94,0.05,119.94
9.27s,6.00,143.95,0.00,137.95,1,5.03,119.94,0.06,119.94
10.39s,5.03,148.98,0.00,143.95,1,5.00,119.94,0.06,119.94
8.11s,2.50,151.48,0.00,148.98,1,5.00,119.94,0.04,119.94
7.65s,5.00,156.48,0.00,151.48,1,5.03,119.94,0.05,119.94
6.64s,5.03,161.51,0.00,156.48,1,5.02,119.94,0.04,119.94
8.47s,6.02,167.52,0.00,161.51,1,5.02,119.94,0.05,119.94
9.24s,6.02,173.54,0.00,167.52,1,5.00,119.94,0.03,119.94
13.39s,6.00,179.54,0.00,173.54,1,5.00,119.94,0.03,119.94
9.95s,2.50,182.04,0.00,179.54,1,5.00,119.94,0.05,119.94
7.92s,6.00,188.04,0.00,182.04,1,5.00,119.94,0.04,119.94
7.46s,2.50,190.54,0.00,188.04,1,5.02,119.94,0.05,119.94
6.78s,5.02,195.56,0.00,190.54,1,5.00,119.94,0.05,119.94
7.58s,5.00,200.56,0.00,195.56,1,5.00,119.94,0.05,119.94
7.48s,5.00,205.56,0.00,200.56,1,5.02,119.94,0.04,119.94
8.20s,2.51,208.07,0.00,205.56,1,5.00,119.94,0.04,119.94
7.23s,6.00,214.07,0.00,208.10,0,5.02,119.94,0.06,119.94
7.75s,2.51,216.58,0.00,214.07,0,5.00,119.94,0.04,119.94
8.07s,5.00,221.58,0.00,216.58,0,5.00,119.94,0.05,119.94
7.37s,5.00,226.58,0.00,221.58,0,5.00,119.94,0.05,119.94
8.82s,6.00,232.58,0.00,226.58,0,5.00,119.94,0.06,119.94
9.26s,10.00,242.58,0.00,232.58,0,5.02,119.94,0.06,119.94
12.36s,6.02,248.59,0.00,242.58,0,5.38,119.95,0.05,119.94
10.23s,6.38,254.97,0.00,248.59,0,5.51,119.95,0.06,119.94
14.87s,6.51,261.48,0.00,254.97,0,5.72,119.94,0.03,119.94
11.98s,2.86,264.34,0.00,261.48,0,5.78,119.95,0.06,119.94
14.18s,11.56,275.90,0.00,264.34,1,5.02,119.94,0.05,119.94
13.54s,6.02,281.92,0.00,275.90,1,5.78,119.94,0.05,119.94
10.24s,2.89,284.81,0.00,281.92,1,5.87,119.95,0.06,119.94
9.47s,11.74,296.55,0.00,284.81,0,5.91,119.95,0.06,119.94
13.75s,6.91,303.47,0.00,296.55,0,6.46,119.95,0.06,119.94
16.66s,7.46,310.93,0.00,303.47,0,6.22,119.95,0.05,119.94
11.06s,3.11,314.04,0.00,310.93,0,6.57,119.94,0.03,119.94
12.47s,13.13,327.17,0.00,314.04,0,6.56,119.95,0.04,119.94
15.17s,3.28,330.45,0.00,327.17,0,6.62,119.94,0.05,119.94
13.06s,13.24,343.69,0.00,330.45,0,6.62,119.95,0.04,119.94
12.38s,3.31,347.00,0.00,343.69,0,7.43,119.95,0.04,119.94
13.81s,14.85,361.85,0.00,347.00,0,7.45,119.95,0.04,119.94
14.54s,8.45,370.30,0.00,361.85,0,7.88,119.95,0.05,119.94
12.86s,3.94,374.24,0.00,370.30,0,7.98,119.95,0.05,119.94
14.48s,15.96,390.19,0.00,374.24,0,7.77,119.95,0.03,119.94
11.47s,3.89,394.08,0.00,390.19,0,8.66,119.95,0.06,119.94
13.24s,17.33,411.41,0.00,394.08,0,8.04,119.95,0.03,119.94
12.90s,9.04,420.45,0.00,411.41,0,9.31,119.95,0.03,119.94
11.59s,4.66,425.10,0.00,420.45,0,9.30,119.95,0.06,119.94
10.33s,9.30,434.41,0.00,425.10,1,8.79,119.95,0.03,119.95
9.18s,8.79,443.20,0.00,434.41,1,8.80,119.95,0.03,119.95
9.94s,8.80,452.00,0.00,443.20,1,6.36,119.95,0.06,119.94
11.26s,3.18,455.18,0.00,452.00,1,6.76,119.95,0.05,119.94
8.00s,7.76,462.94,0.00,455.18,1,6.76,119.95,0.03,119.95
9.73s,13.52,476.46,0.00,462.94,1,5.87,119.94,0.04,119.94
9.95s,5.87,482.33,0.00,476.46,1,7.15,119.94,0.05,119.94
9.76s,3.57,485.90,0.00,482.33,1,7.10,119.94,0.04,119.94
8.90s,7.10,493.00,0.00,485.90,0,7.13,119.95,0.06,119.94
10.13s,14.26,507.26,0.00,493.00,0,6.78,119.95,0.06,119.94
12.50s,3.39,510.65,0.00,507.26,0,7.15,119.95,0.04,119.94
13.78s,14.30,524.95,0.00,510.65,1,7.15,119.95,0.06,119.94
12.60s,8.15,533.10,0.00,524.95,1,7.99,119.94,0.03,119.95
10.24s,8.99,542.09,0.00,533.10,1,8.04,119.95,0.06,119.94
10.56s,9.04,551.14,0.00,542.09,1,7.87,119.95,0.04,119.94
10.98s,7.87,559.00,0.00,551.14,1,8.11,119.95,0.04,119.94
10.63s,9.11,568.11,0.00,559.00,1,6.83,119.95,0.04,119.94
11.12s,3.42,571.53,0.00,568.11,1,7.01,119.95,0.05,119.94
8.95s,3.51,575.04,0.00,571.53,0,6.51,119.95,0.06,119.94
10.94s,6.51,581.55,0.00,575.04,0,5.67,119.95,0.06,119.94
11.15s,2.83,584.39,0.00,581.55,0,5.00,119.94,0.04,119.94
9.83s,10.00,594.39,0.00,584.39,1,5.00,119.94,0.04,119.94
12.90s,2.50,596.89,0.00,594.39,1,5.00,119.94,0.04,119.94
8.52s,10.00,606.89,0.00,596.89,1,5.01,119.95,0.03,119.94
11.11s,2.50,609.39,0.00,606.89,1,5.62,119.94,0.04,119.94
9.58s,6.62,616.02,0.00,609.39,1,5.62,119.94,0.04,119.94
10.28s,5.62,621.64,0.00,616.02,1,5.04,119.94,0.06,119.94
9.87s,2.52,624.16,0.00,621.64,1,5.01,119.94,0.06,119.94
8.68s,10.02,634.18,0.00,624.16,1,5.00,119.94,0.04,119.94
