time,r,a,ld,s,qdel,min_c,max_c,min_b,max_b,min_q,max_q,min_if,max_if
315.27ms,9.84,9.84,0.00,0.00,0,5.23,120.00,0.47,120.00,0.00,4.44,5.23,9.84
177.81ms,1.00,10.84,0.00,9.84,1,5.30,120.00,0.50,120.00,0.00,0.84,1.00,1.00
229.24ms,7.97,18.81,0.00,10.96,0,5.00,120.00,0.30,120.00,0.00,3.81,7.85,7.85
207.92ms,8.44,27.25,0.00,18.87,0,5.30,120.00,0.39,120.00,0.00,7.08,6.02,8.38
182.53ms,1.00,28.25,0.00,27.28,0,5.64,120.00,0.48,120.00,0.00,0.71,0.48,0.97
259.69ms,8.91,37.16,0.00,28.26,0,5.54,120.00,0.33,120.00,0.00,4.34,8.61,8.89
220.09ms,8.91,46.06,0.00,37.16,0,5.68,120.00,0.50,120.00,0.00,7.47,6.67,8.90
207.73ms,1.00,47.06,0.00,46.07,0,6.12,120.00,0.25,120.00,0.00,0.94,0.50,1.00
262.32ms,9.84,56.91,0.00,47.06,0,6.12,120.00,0.35,120.00,0.00,4.70,8.92,9.84
204.15ms,9.84,66.75,0.00,56.91,1,6.01,120.00,0.50,120.00,0.00,8.64,7.08,9.84
194.13ms,1.00,67.75,0.00,66.75,1,6.89,120.00,0.25,120.00,0.00,0.97,1.00,1.00
289.04ms,10.78,78.53,0.00,67.75,1,6.70,120.00,0.50,120.00,0.00,5.00,10.11,10.78
238.91ms,10.78,89.31,0.00,78.53,1,6.74,120.00,0.25,120.00,0.00,9.28,8.09,10.78
187.21ms,1.00,90.31,0.00,89.31,1,7.35,120.00,0.40,120.00,0.00,0.97,1.00,1.00
313.81ms,11.72,102.03,0.00,90.31,1,7.44,120.00,0.50,120.00,0.00,5.30,10.99,11.72
220.11ms,12.19,114.22,0.00,102.03,1,7.53,120.00,0.50,120.00,0.00,10.52,9.14,12.19
187.94ms,1.00,115.22,0.00,114.22,1,8.13,120.00,0.50,120.00,0.00,0.97,1.00,1.00
328.06ms,13.12,128.34,0.00,115.22,1,7.97,120.00,0.44,120.00,0.00,5.71,12.30,13.12
241.46ms,13.59,141.94,0.00,128.34,1,8.22,120.00,0.50,120.00,0.00,11.64,10.20,13.59
166.56ms,1.00,142.94,0.00,141.94,1,8.91,120.00,0.28,120.00,0.00,0.97,1.00,1.00
311.27ms,15.00,157.94,0.00,142.94,1,9.16,120.00,0.37,120.00,0.00,7.01,13.59,15.00
227.46ms,15.00,172.94,0.00,157.94,1,8.91,120.00,0.50,120.00,0.00,12.83,10.78,15.00
204.47ms,1.00,173.94,0.00,172.94,1,10.31,120.00,0.25,120.00,0.00,0.97,1.00,1.00
294.97ms,16.88,190.81,0.00,173.94,1,10.33,120.00,0.50,120.00,0.00,7.52,15.03,16.88
236.04ms,16.88,207.69,0.00,190.81,1,10.00,120.00,0.50,120.00,0.00,14.72,12.13,16.88
202.00ms,1.00,208.69,0.00,207.69,1,11.25,120.00,0.32,120.00,0.00,1.00,1.00,1.00
312.53ms,18.75,227.44,0.00,208.69,1,11.25,120.00,0.32,120.00,0.00,8.05,16.99,18.75
231.20ms,19.22,246.66,0.00,227.44,1,11.34,120.00,0.50,120.00,0.00,16.38,14.11,19.22
217.09ms,1.00,247.66,0.00,246.66,1,12.66,120.00,0.36,120.00,0.00,1.00,1.00,1.00
283.44ms,21.56,269.22,0.00,247.66,1,12.91,120.00,0.50,120.00,0.00,9.47,19.54,21.56
267.39ms,21.56,290.78,0.00,269.22,1,12.88,120.00,0.50,120.00,0.00,18.47,15.50,21.56
203.42ms,1.00,291.78,0.00,290.78,1,14.38,120.00,0.45,120.00,0.00,0.97,1.00,1.00
349.31ms,24.38,316.16,0.00,291.78,1,14.38,120.00,0.50,120.00,0.00,10.92,21.71,24.38
259.33ms,24.84,341.00,0.00,316.16,1,14.45,120.00,0.50,120.00,0.00,21.32,17.86,24.84
223.53ms,1.00,342.00,0.00,341.00,1,16.69,120.00,0.50,120.00,0.00,0.97,1.00,1.00
349.25ms,28.12,370.12,0.00,342.00,1,16.41,120.00,0.48,120.00,0.00,12.37,25.05,28.12
265.71ms,28.12,398.25,0.00,370.12,1,16.79,120.00,0.43,120.00,0.00,24.43,20.21,28.12
203.40ms,1.00,399.25,0.00,398.25,1,18.92,120.00,0.28,120.00,0.00,0.97,1.00,1.00
357.61ms,31.88,431.12,0.00,399.25,1,19.07,120.00,0.50,120.00,0.00,14.06,28.39,31.88
247.24ms,32.34,463.47,0.00,431.12,1,18.95,120.00,0.50,120.00,0.00,27.38,23.50,32.34
207.75ms,1.00,464.47,0.00,463.47,1,21.57,120.00,0.50,120.00,0.00,0.97,1.00,1.00
400.40ms,36.56,501.03,0.00,464.59,0,21.66,120.00,0.44,120.00,0.00,16.09,32.45,36.44
333.87ms,37.03,538.06,0.00,501.09,0,21.43,120.00,0.49,120.00,0.00,31.48,26.86,36.97
260.23ms,1.00,539.06,0.00,538.09,0,24.59,120.00,0.48,120.00,0.00,0.59,0.48,0.97
342.07ms,42.19,581.25,0.00,539.08,0,24.59,120.00,0.50,120.00,0.00,18.46,37.23,42.17
312.38ms,42.66,623.91,0.00,581.26,0,24.72,120.00,0.50,120.00,0.00,36.80,30.32,42.65
256.80ms,1.00,624.91,0.00,623.91,0,28.33,120.00,0.33,120.00,0.00,0.72,0.50,1.00
413.03ms,48.75,673.66,0.00,624.91,0,28.33,120.00,0.50,120.00,0.00,21.29,42.65,48.75
310.63ms,49.22,722.88,0.00,673.66,1,28.45,120.00,0.50,120.00,0.00,42.33,35.38,49.22
236.53ms,1.00,723.88,0.00,722.88,1,32.73,120.00,0.25,120.00,0.00,0.97,1.00,1.00
349.57ms,56.25,780.12,0.00,723.88,1,32.96,120.00,0.29,120.00,0.00,24.56,49.22,56.25
317.38ms,56.72,836.84,0.00,773.88,1,32.81,50.00,0.37,120.00,0.25,48.42,47.23,62.97
320.12ms,1.00,837.84,0.00,823.88,1,33.50,50.06,6.47,120.00,0.00,13.59,1.31,13.97
478.42ms,51.09,888.94,3.19,834.66,1,33.60,50.39,9.78,43.36,0.89,28.54,51.09,51.09
369.56ms,64.69,953.62,3.19,884.66,1,33.60,53.32,10.00,59.66,10.11,48.56,49.08,65.78
361.51ms,1.00,954.62,3.19,934.66,1,33.33,53.31,1.48,120.00,0.00,16.37,1.05,16.78
390.18ms,49.69,1004.31,17.88,936.75,1,33.59,50.00,1.11,37.64,0.00,18.23,49.69,49.69
310.32ms,57.66,1061.97,17.88,986.44,1,33.78,99.54,1.09,50.79,0.00,37.05,49.55,57.66
303.45ms,1.00,1062.97,17.88,1036.44,1,33.44,50.59,0.46,120.00,0.00,8.51,1.08,8.66
413.47ms,53.44,1116.41,17.88,1045.09,1,33.50,50.65,7.66,120.00,2.71,28.86,53.44,53.44
397.86ms,53.44,1169.84,17.88,1095.09,1,33.35,52.63,8.05,120.00,4.17,48.78,48.88,56.88
325.39ms,1.00,1170.84,17.88,1145.09,1,33.59,52.73,3.47,120.00,0.00,7.50,1.48,7.88
476.68ms,54.38,1225.22,20.83,1150.02,1,33.59,50.27,4.14,39.87,3.92,25.83,53.95,54.38
434.97ms,48.75,1273.97,20.83,1200.02,1,33.59,51.64,4.08,53.87,1.75,38.42,49.39,53.12
313.53ms,1.00,1274.97,20.83,1250.02,1,33.61,51.58,4.47,120.00,0.00,3.75,1.03,4.12
415.29ms,53.44,1328.41,20.83,1254.14,1,33.35,52.23,4.76,120.00,1.29,23.93,53.44,53.44
369.33ms,49.69,1378.09,20.83,1304.14,1,33.59,51.37,3.23,120.00,2.00,40.50,49.39,53.12
303.18ms,1.00,1379.09,20.83,1354.14,1,33.43,51.12,3.71,120.00,0.00,3.75,1.03,4.12
448.68ms,53.44,1432.53,20.83,1358.48,0,33.35,52.06,3.44,120.00,1.54,24.09,53.23,53.23
418.48ms,49.69,1482.22,20.83,1408.47,1,33.59,51.37,3.23,120.00,1.71,40.50,49.19,52.92
317.84ms,1.00,1483.22,20.83,1458.60,1,33.46,51.46,3.49,120.00,0.00,3.77,1.42,3.79
480.20ms,53.44,1536.66,20.83,1462.50,0,33.70,52.08,3.56,120.00,1.40,23.56,53.33,53.33
434.02ms,49.69,1586.34,20.83,1512.54,1,33.66,51.18,2.80,120.00,1.71,40.04,49.25,52.97
319.44ms,1.00,1587.34,20.83,1562.67,1,33.43,51.35,3.38,120.00,0.00,3.52,1.44,3.85
468.63ms,53.44,1640.78,20.83,1566.54,0,33.61,52.02,3.56,120.00,1.41,23.74,53.41,53.41
414.82ms,49.69,1690.47,20.83,1616.63,1,33.72,51.26,3.21,120.00,1.69,40.02,49.29,53.01
320.49ms,1.00,1691.47,20.83,1666.52,1,33.53,51.29,3.55,120.00,0.00,3.77,1.03,4.12
449.81ms,53.44,1744.91,20.83,1670.64,1,33.38,51.67,3.66,120.00,1.51,24.11,53.44,53.44
380.28ms,49.69,1794.59,20.83,1720.64,1,33.59,51.09,3.25,120.00,1.99,40.37,48.97,53.12
325.18ms,1.00,1795.59,20.83,1770.64,1,33.43,51.12,3.71,120.00,0.00,3.82,1.03,4.12
400.31ms,53.44,1849.03,20.83,1774.77,1,33.39,52.01,3.92,120.00,1.51,24.23,53.44,53.44
372.18ms,49.69,1898.72,20.83,1824.77,1,33.59,51.37,3.23,120.00,2.00,40.50,49.39,53.12
318.90ms,1.00,1899.72,20.83,1874.77,1,33.43,51.12,3.71,120.00,0.00,3.82,1.03,4.12
408.27ms,53.44,1953.16,20.83,1878.89,1,33.35,52.03,3.67,120.00,1.72,23.93,53.44,53.44
368.08ms,49.69,2002.84,20.83,1928.99,1,33.66,51.19,3.24,120.00,1.70,40.45,49.30,53.03
317.05ms,1.00,2003.84,20.83,1978.89,1,33.43,51.12,3.71,120.00,0.00,3.75,1.03,4.12
407.76ms,53.44,2057.28,20.83,1983.02,1,33.33,51.96,3.71,120.00,1.41,24.00,53.44,53.44
392.09ms,49.69,2106.97,20.83,2033.02,1,33.59,51.37,3.23,120.00,2.01,40.42,49.39,53.12
316.39ms,1.00,2107.97,20.83,2083.02,1,33.43,51.12,3.71,120.00,0.00,3.82,1.03,4.12
417.56ms,53.44,2161.41,20.83,2087.14,1,33.35,52.03,3.76,120.00,1.51,24.23,53.44,53.44
367.93ms,49.69,2211.09,20.83,2137.14,1,33.59,51.37,3.23,120.00,2.00,40.50,49.39,53.12
314.49ms,1.00,2212.09,20.83,2187.14,1,33.43,51.12,3.71,120.00,0.00,3.82,1.03,4.12
402.65ms,53.44,2265.53,20.83,2191.27,1,33.38,51.88,3.55,120.00,1.51,24.23,53.44,53.44
363.07ms,49.69,2315.22,20.83,2241.27,1,33.59,51.37,3.23,120.00,2.00,40.50,49.39,53.12
310.64ms,1.00,2316.22,20.83,2291.58,1,33.82,51.40,3.67,120.00,0.00,3.52,1.43,3.81
449.97ms,53.44,2369.66,20.83,2295.39,1,33.46,51.90,3.71,120.00,1.49,23.80,53.44,53.44
377.40ms,49.69,2419.34,20.83,2345.39,1,33.59,51.37,3.23,120.00,1.98,39.87,49.39,53.12
309.42ms,1.00,2420.34,20.83,2395.39,1,33.43,51.12,3.71,120.00,0.00,3.82,1.03,4.12
417.69ms,53.44,2473.78,20.83,2399.52,1,33.52,51.62,3.68,120.00,1.89,24.23,53.44,53.44
376.27ms,49.69,2523.47,20.83,2449.52,1,33.59,51.37,3.23,120.00,1.98,40.46,49.39,53.12
