time,r,a,ld,s,qdel,min_c,max_c,min_b,max_b,min_q,max_q,min_if,max_if
304.02ms,9.84,9.84,0.00,0.00,0,5.00,120.00,0.04,120.00,0.00,4.44,5.23,9.84
200.94ms,1.00,10.84,0.00,9.84,1,5.17,120.00,0.47,120.00,0.00,0.84,1.00,1.00
229.57ms,11.25,22.09,0.00,10.99,0,5.27,120.00,0.43,120.00,0.00,6.81,9.02,11.10
192.25ms,1.00,23.09,0.00,22.17,0,5.66,120.00,0.46,120.00,0.00,0.46,0.46,0.93
231.78ms,13.12,36.22,0.00,23.09,1,5.66,120.00,0.50,120.00,0.00,7.99,10.66,13.12
194.49ms,1.00,37.22,0.00,36.22,1,6.59,120.00,0.25,120.00,0.00,0.97,1.00,1.00
234.74ms,15.00,52.22,0.00,37.22,1,6.62,120.00,0.29,120.00,0.00,9.25,12.19,15.00
182.77ms,1.00,53.22,0.00,52.22,1,7.51,120.00,0.26,120.00,0.00,1.00,1.00,1.00
206.90ms,17.34,70.56,0.00,53.22,1,7.73,120.00,0.50,120.00,0.00,10.58,14.09,17.34
188.08ms,1.00,71.56,0.00,70.56,1,8.67,120.00,0.34,120.00,0.00,0.97,1.00,1.00
238.77ms,20.62,92.19,0.00,71.56,1,8.83,120.00,0.29,120.00,0.00,12.56,16.44,20.62
173.71ms,1.00,93.19,0.00,92.19,1,10.31,120.00,0.25,120.00,0.00,0.97,1.00,1.00
244.75ms,24.38,117.56,0.00,93.19,1,10.39,120.00,0.50,120.00,0.00,15.03,19.80,24.38
186.29ms,1.00,118.56,0.00,117.56,1,12.25,120.00,0.25,120.00,0.00,0.97,1.00,1.00
266.57ms,29.06,147.62,0.00,118.56,1,12.53,120.00,0.50,120.00,0.00,17.61,23.61,29.06
177.87ms,1.00,148.62,0.00,147.62,1,14.53,120.00,0.50,120.00,0.00,0.97,1.00,1.00
279.81ms,35.16,183.78,0.00,148.62,1,14.56,120.00,0.50,120.00,0.00,21.54,28.29,35.16
191.60ms,1.00,184.78,0.00,183.78,1,17.58,120.00,0.50,120.00,0.00,0.97,1.00,1.00
264.41ms,42.66,227.44,0.00,184.78,1,17.79,120.00,0.50,120.00,0.00,25.90,34.32,42.66
191.94ms,1.00,228.44,0.00,227.44,1,21.33,120.00,0.50,120.00,0.00,1.00,1.00,1.00
299.01ms,52.03,280.47,0.00,228.44,1,21.63,120.00,0.50,120.00,0.00,31.35,41.87,52.03
208.80ms,1.00,281.47,0.00,280.47,1,26.39,120.00,0.50,120.00,0.00,0.97,1.00,1.00
270.57ms,63.75,345.22,0.00,281.47,1,26.35,120.00,0.50,120.00,0.00,38.50,51.30,63.75
193.93ms,1.00,346.22,0.00,345.22,1,31.88,120.00,0.50,120.00,0.00,1.00,1.00,1.00
265.36ms,78.28,424.50,0.00,346.22,1,32.12,120.00,0.50,120.00,0.00,47.32,62.99,78.28
168.01ms,1.00,425.50,0.00,424.50,1,39.14,120.00,0.25,120.00,0.00,0.97,1.00,1.00
292.30ms,96.56,522.06,0.00,425.50,1,39.27,120.00,0.50,120.00,0.00,58.41,77.33,96.56
210.53ms,1.00,523.06,0.00,522.06,1,48.28,120.00,0.25,120.00,0.00,0.97,1.00,1.00
283.97ms,119.53,642.59,0.00,523.06,1,48.65,120.00,0.50,120.00,0.00,72.09,95.72,119.53
296.79ms,1.00,643.59,0.00,623.06,1,50.00,99.77,0.23,120.00,0.00,20.30,1.28,20.53
421.51ms,104.06,747.66,0.00,643.92,0,50.04,99.99,19.54,120.00,4.07,74.26,98.87,103.74
301.92ms,1.00,748.66,0.00,743.76,1,55.17,100.00,19.53,120.00,0.00,4.90,4.90,4.90
332.14ms,120.00,868.66,0.00,748.66,1,55.39,110.04,3.92,120.00,3.90,69.66,104.06,120.00
303.49ms,1.00,869.66,0.00,848.66,1,51.30,99.97,4.23,120.00,0.00,20.96,2.62,21.00
313.92ms,106.88,976.53,0.00,869.66,1,51.22,102.32,20.26,120.00,4.72,76.42,101.45,106.88
318.72ms,1.00,977.53,0.00,969.66,1,55.31,99.85,20.32,120.00,0.00,7.88,7.88,7.88
413.57ms,120.00,1097.53,0.00,977.77,0,55.42,110.18,7.02,120.00,6.88,72.28,106.66,119.76
309.05ms,1.00,1098.53,0.00,1077.98,1,52.08,100.37,6.88,120.00,0.00,20.19,3.85,20.55
367.79ms,109.22,1207.75,0.00,1098.65,0,52.19,104.12,19.64,120.00,5.31,77.56,103.13,109.10
315.07ms,1.00,1208.75,0.00,1198.53,1,55.43,99.89,20.11,120.00,0.00,9.84,10.22,10.22
350.42ms,120.00,1328.75,0.00,1208.75,1,55.21,110.14,9.28,120.00,9.22,75.00,109.22,120.00
311.60ms,1.00,1329.75,0.00,1308.75,1,52.96,99.98,9.24,120.00,0.00,20.94,5.25,21.00
330.42ms,110.16,1439.91,0.00,1329.75,1,52.73,104.84,20.00,120.00,5.37,78.35,104.13,110.16
308.46ms,1.00,1440.91,0.00,1430.01,1,55.45,100.08,20.00,120.00,0.00,10.61,10.56,10.90
359.42ms,120.00,1560.91,0.00,1440.91,1,55.65,110.30,10.03,120.00,9.41,75.41,109.69,120.00
325.69ms,1.00,1561.91,0.00,1540.91,1,52.97,99.87,10.25,120.00,0.00,20.78,5.58,21.00
328.32ms,110.62,1672.53,0.00,1561.91,1,53.08,105.43,20.00,120.00,5.07,78.50,105.01,110.62
312.63ms,1.00,1673.53,0.00,1661.91,1,55.56,99.86,20.14,120.00,0.00,11.39,10.54,11.62
333.21ms,120.00,1793.53,0.00,1673.53,1,55.66,110.22,10.66,120.00,9.74,76.22,109.69,120.00
336.08ms,1.00,1794.53,0.00,1773.84,1,53.20,100.19,10.80,120.00,0.00,20.26,5.82,20.69
336.60ms,111.56,1906.09,0.00,1794.53,1,53.08,105.54,19.69,120.00,5.67,79.25,105.03,111.56
343.50ms,1.00,1907.09,0.00,1894.76,1,55.59,100.01,19.99,120.00,0.00,12.08,10.40,12.33
333.16ms,120.00,2027.09,0.00,1907.09,1,55.31,110.40,11.33,120.00,9.62,76.97,109.69,120.00
338.40ms,1.00,2028.09,0.00,2007.09,1,53.20,99.59,11.74,120.00,0.00,20.70,6.56,21.00
351.56ms,111.56,2139.66,0.00,2028.09,1,53.38,106.17,20.17,120.00,5.44,79.16,105.46,111.56
319.18ms,1.00,2140.66,0.00,2128.09,1,55.59,99.51,20.17,120.00,0.00,12.54,10.60,12.56
390.10ms,120.00,2260.66,0.00,2140.81,0,55.38,110.17,11.56,120.00,9.61,76.96,109.55,119.85
353.40ms,1.00,2261.66,0.00,2241.06,1,53.24,100.18,11.56,120.00,0.00,20.35,6.11,20.60
314.36ms,112.50,2374.16,0.00,2261.66,1,53.41,106.05,19.60,120.00,6.20,79.67,105.91,112.50
318.76ms,1.00,2375.16,0.00,2361.66,1,55.62,99.66,20.05,120.00,0.00,13.11,10.55,13.50
309.17ms,120.00,2495.16,0.00,2375.16,1,55.21,110.38,12.82,120.00,9.73,78.02,109.69,120.00
351.74ms,1.00,2496.16,0.00,2475.16,1,53.65,99.74,12.51,120.00,0.00,20.78,6.89,21.00
345.57ms,112.03,2608.19,0.00,2496.16,1,53.38,106.63,20.12,120.00,5.43,79.37,105.90,112.03
345.70ms,1.00,2609.19,0.00,2596.37,1,55.39,100.08,20.00,120.00,0.00,12.51,10.41,12.82
355.14ms,120.00,2729.19,0.00,2609.19,1,55.65,110.37,11.82,120.00,9.42,77.35,109.69,120.00
354.60ms,1.00,2730.19,0.00,2709.19,1,53.42,99.67,12.25,120.00,0.00,20.66,6.56,21.00
476.48ms,112.03,2842.22,0.00,2730.35,0,53.50,106.21,20.02,120.00,5.68,79.69,105.75,111.87
338.34ms,1.00,2843.22,0.00,2830.49,1,55.33,100.30,20.07,120.00,0.00,12.54,10.74,12.73
428.75ms,120.00,2963.22,0.00,2843.30,0,55.33,110.65,11.73,120.00,9.42,77.35,109.61,119.92
357.53ms,1.00,2964.22,0.00,2943.58,1,53.35,100.21,11.75,120.00,0.00,20.44,6.45,20.64
377.83ms,112.50,3076.72,0.00,2964.26,0,53.63,106.56,19.75,120.00,6.01,79.82,105.87,112.46
324.94ms,1.00,3077.72,0.00,3064.44,1,55.74,99.82,19.80,120.00,0.00,13.00,10.79,13.28
406.40ms,120.00,3197.72,0.00,3077.74,0,55.71,110.57,12.28,120.00,9.48,77.66,109.67,119.98
355.41ms,1.00,3198.72,0.00,3178.04,1,53.46,100.25,12.33,120.00,0.00,20.49,6.78,20.68
399.11ms,112.50,3311.22,0.00,3198.73,0,53.45,106.74,19.68,120.00,5.71,79.73,105.90,112.49
341.45ms,1.00,3312.22,0.00,3298.92,1,55.41,99.86,19.84,120.00,0.00,13.00,10.81,13.30
322.91ms,120.00,3432.22,0.00,3312.22,1,55.66,110.22,12.30,120.00,9.48,77.71,109.69,120.00
336.14ms,1.00,3433.22,0.00,3412.22,1,53.65,99.74,12.51,120.00,0.00,20.78,6.89,21.00
315.68ms,112.03,3545.25,0.00,3433.22,1,53.41,106.52,20.00,120.00,5.43,79.36,105.90,112.03
342.78ms,1.00,3546.25,0.00,3533.22,1,55.39,99.59,20.11,120.00,0.00,12.98,10.59,13.03
341.07ms,120.00,3666.25,0.00,3546.25,1,55.65,110.37,12.29,120.00,9.75,77.73,109.69,120.00
362.47ms,1.00,3667.25,0.00,3646.56,1,53.42,100.16,12.07,120.00,0.00,20.66,6.46,20.69
328.54ms,112.50,3779.75,0.00,3667.25,1,53.53,106.63,19.77,120.00,5.96,79.70,105.91,112.50
324.52ms,1.00,3780.75,0.00,3767.25,1,55.62,99.66,20.18,120.00,0.00,13.45,10.55,13.50
330.29ms,120.00,3900.75,0.00,3780.75,1,55.30,110.39,12.68,120.00,9.54,78.03,109.69,120.00
346.21ms,1.00,3901.75,0.00,3881.06,1,53.65,100.23,12.50,120.00,0.00,20.60,6.79,20.69
336.52ms,112.50,4014.25,0.00,3901.75,1,53.65,106.75,19.69,120.00,5.71,79.73,105.91,112.50
346.82ms,1.00,4015.25,0.00,4001.75,1,55.62,99.66,20.02,120.00,0.00,13.45,10.55,13.50
312.49ms,120.00,4135.25,0.00,4015.25,1,55.25,110.39,12.52,120.00,9.75,78.14,109.69,120.00
356.47ms,1.00,4136.25,0.00,4115.25,1,53.65,99.74,12.51,120.00,0.00,20.78,6.89,21.00
337.11ms,112.03,4248.28,0.00,4136.25,1,53.71,106.60,20.29,120.00,5.45,79.64,105.90,112.03
327.71ms,1.00,4249.28,0.00,4236.25,1,55.39,99.59,20.11,120.00,0.00,12.98,10.59,13.03
321.82ms,120.00,4369.28,0.00,4249.28,1,55.68,110.31,12.03,120.00,9.68,77.77,109.69,120.00
346.30ms,1.00,4370.28,0.00,4349.28,1,53.42,99.67,12.37,120.00,0.00,20.66,6.56,21.00
342.37ms,112.03,4482.31,0.00,4370.28,1,53.26,106.34,20.00,120.00,5.68,79.70,105.90,112.03
328.59ms,1.00,4483.31,0.00,4470.28,1,55.39,99.59,20.11,120.00,0.00,12.98,10.59,13.03
377.48ms,120.00,4603.31,0.00,4483.39,0,55.35,110.16,12.03,120.00,9.68,77.76,109.62,119.92
358.22ms,1.00,4604.31,0.00,4583.67,1,53.35,100.21,12.05,120.00,0.00,20.45,6.45,20.64
397.93ms,112.50,4716.81,0.00,4604.35,0,53.35,106.46,19.79,120.00,5.96,79.69,105.87,112.46
334.15ms,1.00,4717.81,0.00,4704.53,1,55.36,99.84,19.84,120.00,0.00,13.00,10.79,13.29
