time,r,a,ld,s,qdel,min_c,max_c,min_b,max_b,min_q,max_q,min_if,max_if
12.92s,6.96,6.96,0.00,0.00,0,5.00,1000.00,0.06,1000.00,0.00,1.95,5.05,6.96
17.67s,6.96,13.92,0.00,6.96,1,5.03,1000.00,0.06,1000.00,0.00,3.91,5.00,6.96
12.05s,1.12,15.04,0.00,13.93,0,5.00,1000.00,0.06,1000.00,0.00,0.00,0.14,1.11
14.78s,8.91,23.95,0.00,15.05,0,5.00,1000.00,0.06,1000.00,0.00,3.92,6.96,8.90
10.25s,1.08,25.03,0.00,23.95,0,5.04,1000.00,0.06,1000.00,0.00,0.00,0.10,1.08
14.83s,9.89,34.92,0.00,25.04,0,5.02,1000.00,0.06,1000.00,0.00,5.96,8.92,9.89
12.85s,1.00,35.92,0.00,34.92,0,5.00,1000.00,0.04,1000.00,0.00,0.95,0.06,1.00
15.89s,10.86,46.79,0.00,35.92,1,5.02,1000.00,0.06,1000.00,0.00,6.81,9.04,10.86
12.29s,1.00,47.79,0.00,46.79,1,5.44,1000.00,0.06,1000.00,0.00,0.98,1.00,1.00
10.89s,11.84,59.63,0.00,47.79,1,5.46,1000.00,0.06,1000.00,0.00,7.37,9.90,11.84
14.00s,1.00,60.63,0.00,59.63,1,5.95,1000.00,0.04,1000.00,0.00,0.98,1.00,1.00
11.24s,12.82,73.44,0.00,60.63,1,5.96,1000.00,0.06,1000.00,0.00,7.85,10.86,12.82
14.21s,1.00,74.44,0.00,73.44,1,6.42,1000.00,0.06,1000.00,0.00,0.98,1.00,1.00
12.32s,13.79,88.24,0.00,74.44,1,6.46,1000.00,0.06,1000.00,0.00,8.33,11.85,13.79
13.21s,1.00,89.24,0.00,88.24,1,6.93,1000.00,0.06,1000.00,0.00,0.98,1.00,1.00
11.45s,14.77,104.01,0.00,89.24,1,6.92,1000.00,0.06,1000.00,0.00,8.84,12.81,14.77
13.06s,1.00,105.01,0.00,104.01,1,7.39,1000.00,0.06,1000.00,0.00,0.98,1.00,1.00
11.70s,15.75,120.75,0.00,105.01,1,7.44,1000.00,0.06,1000.00,0.00,9.35,13.84,15.75
12.51s,1.00,121.75,0.00,120.75,1,7.88,1000.00,0.05,1000.00,0.00,0.98,1.00,1.00
10.57s,16.72,138.48,0.00,121.75,1,7.90,1000.00,0.06,1000.00,0.00,9.82,14.76,16.72
13.30s,1.00,139.48,0.00,138.48,1,8.38,1000.00,0.06,1000.00,0.00,0.98,1.00,1.00
12.41s,17.70,157.18,0.00,139.48,1,8.40,1000.00,0.06,1000.00,0.00,10.28,15.76,17.70
14.39s,1.00,158.18,0.00,157.18,1,8.87,1000.00,0.06,1000.00,0.00,0.98,1.00,1.00
11.55s,18.68,176.86,0.00,158.18,1,8.86,1000.00,0.06,1000.00,0.00,10.79,16.74,18.68
14.30s,1.00,177.86,0.00,176.86,1,9.38,1000.00,0.03,1000.00,0.00,0.98,1.00,1.00
12.40s,19.65,197.51,0.00,177.86,1,9.37,1000.00,0.06,1000.00,0.00,11.27,17.69,19.65
14.53s,1.00,198.51,0.00,197.51,1,9.84,1000.00,0.03,1000.00,0.00,0.98,1.00,1.00
11.37s,20.63,219.14,0.00,198.51,1,9.87,1000.00,0.06,1000.00,0.00,11.78,18.70,20.63
13.85s,1.00,220.14,0.00,219.14,1,10.35,1000.00,0.04,1000.00,0.00,0.98,1.00,1.00
11.83s,21.61,241.75,0.00,220.14,1,10.34,1000.00,0.06,1000.00,0.00,12.25,19.66,21.61
13.12s,1.00,242.75,0.00,241.75,1,10.82,1000.00,0.04,1000.00,0.00,0.98,1.00,1.00
12.80s,22.58,265.33,0.00,242.75,1,10.85,1000.00,0.06,1000.00,0.00,12.72,20.64,22.58
12.72s,1.00,266.33,0.00,265.33,1,11.33,1000.00,0.04,1000.00,0.00,0.98,1.00,1.00
11.86s,23.56,289.89,0.00,266.33,1,11.32,1000.00,0.06,1000.00,0.00,13.26,21.63,23.56
13.41s,1.00,290.89,0.00,289.89,1,11.80,1000.00,0.06,1000.00,0.00,0.98,1.00,1.00
11.98s,24.54,315.42,0.00,290.89,1,11.79,1000.00,0.06,1000.00,0.00,13.74,22.62,24.54
14.80s,1.00,316.42,0.00,315.42,1,12.32,1000.00,0.04,1000.00,0.00,0.98,1.00,1.00
13.10s,25.51,341.94,0.00,316.42,1,12.31,1000.00,0.06,1000.00,0.00,14.22,23.57,25.51
14.53s,1.00,342.94,0.00,341.94,1,12.79,1000.00,0.06,1000.00,0.00,0.98,1.00,1.00
12.41s,26.49,369.43,0.00,342.94,1,12.78,1000.00,0.06,1000.00,0.00,14.72,24.57,26.49
12.88s,1.00,370.43,0.00,369.43,1,13.26,1000.00,0.06,1000.00,0.00,0.98,1.00,1.00
11.62s,27.47,397.89,0.00,370.43,1,13.30,1000.00,0.06,1000.00,0.00,15.17,25.53,27.47
12.90s,1.00,398.89,0.00,397.90,0,13.79,1000.00,0.06,1000.00,0.00,0.94,0.06,0.99
19.70s,28.44,427.33,0.00,398.90,0,13.74,1000.00,0.06,1000.00,0.00,15.64,26.49,28.44
14.54s,1.00,428.33,0.00,427.34,0,14.26,1000.00,0.06,1000.00,0.00,0.99,0.06,1.00
19.39s,29.42,457.75,0.00,428.33,0,14.25,1000.00,0.06,1000.00,0.00,16.16,27.46,29.42
14.10s,1.00,458.75,0.00,457.75,1,14.73,1000.00,0.06,1000.00,0.00,0.98,1.00,1.00
11.62s,30.40,489.15,0.00,458.75,1,14.73,1000.00,0.06,1000.00,0.00,16.64,28.44,30.40
14.10s,1.00,490.15,0.00,489.15,1,15.26,1000.00,0.06,1000.00,0.00,0.98,1.00,1.00
11.51s,31.37,521.52,0.00,490.15,0,15.21,1000.00,0.06,1000.00,0.00,17.13,29.41,31.37
14.31s,1.00,522.52,0.00,521.52,1,15.74,1000.00,0.05,1000.00,0.00,0.98,1.00,1.00
13.12s,32.35,554.87,0.00,522.52,1,15.73,1000.00,0.06,1000.00,0.00,17.61,30.39,32.35
13.94s,1.00,555.87,0.00,554.87,1,16.18,1000.00,0.06,1000.00,0.00,0.98,1.00,1.00
12.25s,33.33,589.19,0.00,555.87,1,16.21,1000.00,0.06,1000.00,0.00,18.14,31.37,33.33
14.74s,1.00,590.19,0.00,589.22,0,16.69,1000.00,0.06,1000.00,0.00,0.92,0.06,0.97
20.55s,34.30,624.50,0.00,590.21,0,16.68,1000.00,0.06,1000.00,0.00,18.58,32.35,34.29
14.07s,1.00,625.50,0.00,624.50,0,17.19,1000.00,0.06,1000.00,0.00,0.94,0.06,0.99
20.61s,35.28,660.77,0.00,625.50,0,17.17,1000.00,0.04,1000.00,0.00,19.11,33.35,35.28
14.76s,1.00,661.77,0.00,660.78,0,17.68,1000.00,0.06,1000.00,0.00,0.99,0.06,1.00
20.48s,36.25,698.03,0.00,661.77,1,17.68,1000.00,0.04,1000.00,0.00,19.56,34.31,36.25
13.00s,1.00,699.03,0.00,698.03,1,18.16,1000.00,0.06,1000.00,0.00,0.98,1.00,1.00
12.00s,37.23,736.26,0.00,699.03,1,18.14,1000.00,0.06,1000.00,0.00,20.05,35.27,37.23
13.60s,1.00,737.26,0.00,736.26,1,18.62,1000.00,0.04,1000.00,0.00,0.98,1.00,1.00
12.02s,38.21,775.47,0.00,737.29,0,18.66,1000.00,0.06,1000.00,0.00,20.53,36.24,38.18
15.31s,1.00,776.47,0.00,775.48,0,19.14,1000.00,0.06,1000.00,0.00,0.98,0.06,0.99
18.41s,39.18,815.65,0.00,776.48,0,19.13,1000.00,0.06,1000.00,0.00,21.01,37.23,39.18
14.63s,1.00,816.65,0.00,815.66,0,19.62,1000.00,0.06,1000.00,0.00,0.95,0.06,1.00
19.17s,40.16,856.81,0.00,816.65,0,19.61,1000.00,0.06,1000.00,0.00,21.51,38.20,40.16
15.20s,1.00,857.81,0.00,856.81,1,20.10,1000.00,0.06,1000.00,0.00,0.98,1.00,1.00
12.66s,41.14,898.95,0.00,857.81,1,20.12,1000.00,0.06,1000.00,0.00,22.03,39.21,41.14
13.72s,1.00,899.95,0.00,898.95,1,20.61,1000.00,0.06,1000.00,0.00,0.98,1.00,1.00
12.86s,42.11,942.07,0.00,899.95,0,20.58,1000.00,0.06,1000.00,0.00,22.52,40.18,42.11
15.67s,1.00,943.07,0.00,942.07,1,21.10,1000.00,0.06,1000.00,0.00,0.99,1.00,1.00
13.91s,43.09,986.16,0.00,943.07,1,21.07,1000.00,0.04,1000.00,0.00,23.01,41.15,43.09
14.70s,1.00,987.16,0.00,986.16,1,21.57,1000.00,0.06,1000.00,0.00,0.98,1.00,1.00
13.55s,44.07,1031.22,0.00,987.16,1,21.56,1000.00,0.06,1000.00,0.00,23.50,42.13,44.07
13.63s,1.00,1032.22,0.00,1031.22,1,22.05,1000.00,0.06,1000.00,0.00,0.98,1.00,1.00
13.02s,45.04,1077.27,0.00,1032.22,1,22.08,1000.00,0.06,1000.00,0.00,23.96,43.11,45.04
14.09s,1.00,1078.27,0.00,1077.27,1,22.57,1000.00,0.06,1000.00,0.00,0.98,1.00,1.00
12.06s,46.02,1124.29,0.00,1078.27,1,22.56,1000.00,0.06,1000.00,0.00,24.47,44.09,46.02
13.84s,1.00,1125.29,0.00,1124.29,1,23.05,1000.00,0.06,1000.00,0.00,0.98,1.00,1.00
13.13s,47.00,1172.29,0.00,1125.29,1,23.04,1000.00,0.06,1000.00,0.00,24.98,45.07,47.00
14.03s,1.00,1173.29,0.00,1172.29,1,23.53,1000.00,0.06,1000.00,0.00,0.98,1.00,1.00
13.12s,47.97,1221.26,0.00,1173.29,1,23.52,1000.00,0.06,1000.00,0.00,25.43,46.05,47.97
13.86s,1.00,1222.26,0.00,1221.26,1,24.01,1000.00,0.04,1000.00,0.00,0.98,1.00,1.00
13.07s,48.95,1271.21,0.00,1222.26,1,24.00,1000.00,0.06,1000.00,0.00,25.90,46.99,48.95
14.36s,1.00,1272.21,0.00,1271.21,1,24.49,1000.00,0.06,1000.00,0.00,0.98,1.00,1.00
12.89s,49.93,1322.14,0.00,1272.21,1,24.52,1000.00,0.06,1000.00,0.00,26.43,47.98,49.93
14.14s,1.00,1323.14,0.00,1322.14,1,25.01,1000.00,0.06,1000.00,0.00,0.98,1.00,1.00
14.06s,50.90,1374.04,0.00,1323.14,1,25.00,1000.00,0.06,1000.00,0.00,26.90,48.96,50.90
14.14s,1.00,1375.04,0.00,1373.14,1,25.27,49.97,0.06,1000.00,0.00,1.85,1.01,1.90
19.71s,51.45,1426.49,0.00,1375.04,1,25.25,49.98,0.91,1000.00,0.92,28.11,49.49,51.45
24.58s,27.22,1453.71,0.00,1425.04,1,25.51,49.99,0.91,1000.00,0.00,28.62,25.48,28.67
12.31s,1.00,1454.71,0.00,1453.71,1,26.25,49.97,1.51,1000.00,0.00,0.98,1.00,1.00
14.19s,53.41,1508.12,0.00,1454.71,1,26.27,50.95,1.45,1000.00,1.47,28.17,51.48,53.41
13.09s,1.00,1509.12,0.00,1504.71,1,26.25,49.95,1.48,1000.00,0.00,2.91,2.48,4.41
20.91s,51.94,1561.06,0.00,1509.15,0,26.23,50.00,3.41,1000.00,1.98,28.65,51.46,51.91
22.92s,26.98,1588.04,0.00,1559.15,1,26.12,49.95,3.45,1000.00,0.00,28.85,27.31,28.89
13.16s,1.00,1589.04,0.00,1588.04,1,26.71,49.97,3.43,1000.00,0.00,1.00,1.00,1.00
17.13s,53.89,1642.93,0.00,1589.04,1,26.71,52.19,1.93,1000.00,1.71,28.22,51.95,53.89
