time,r,a,ld,s,qdel,min_c,max_c,min_b,max_b,min_q,max_q,min_if,max_if
166.90ms,12.00,12.00,0.00,0.00,1,5.00,1000.00,5.00,1000.00,0.00,7.00,12.00,12.00
143.50ms,7.00,19.00,0.00,12.00,1,6.00,1000.00,5.00,1000.00,0.00,7.00,7.00,7.00
155.34ms,8.00,27.00,0.00,19.00,1,6.33,1000.00,5.00,1000.00,0.00,8.00,8.00,8.00
167.11ms,8.33,35.33,0.00,27.00,1,6.75,1000.00,5.00,1000.00,0.00,8.33,8.33,8.33
175.53ms,8.75,44.08,0.00,35.33,1,7.07,1000.00,5.00,1000.00,0.00,8.75,8.75,8.75
158.24ms,7.83,51.92,0.00,44.08,1,6.42,1000.00,5.00,1000.00,0.00,7.83,7.83,7.83
184.30ms,8.27,60.19,0.00,51.92,1,6.58,1000.00,5.00,1000.00,0.00,8.27,8.27,8.27
176.66ms,8.23,68.42,0.00,60.19,1,6.64,1000.00,5.00,1000.00,0.00,8.23,8.23,8.23
186.88ms,8.21,76.63,0.00,68.42,1,6.62,1000.00,5.00,1000.00,0.00,8.21,8.21,8.21
183.59ms,8.08,84.71,0.00,76.63,1,6.51,1000.00,5.00,1000.00,0.00,8.08,8.08,8.08
204.04ms,8.18,92.89,0.00,84.71,1,6.56,1000.00,5.00,1000.00,0.00,8.18,8.18,8.18
188.05ms,8.13,101.02,0.00,92.89,1,6.54,1000.00,5.00,1000.00,0.00,8.13,8.13,8.13
186.26ms,8.12,109.14,0.00,101.02,1,6.52,1000.00,5.00,1000.00,0.00,8.12,8.12,8.12
193.05ms,8.10,117.24,0.00,109.14,1,6.50,1000.00,5.00,1000.00,0.00,8.10,8.10,8.10
200.21ms,8.11,125.35,0.00,117.24,1,6.51,1000.00,5.00,1000.00,0.00,8.11,8.11,8.11
186.70ms,8.09,133.44,0.00,125.35,1,6.49,1000.00,5.00,1000.00,0.00,8.09,8.09,8.09
186.76ms,8.08,141.52,0.00,133.44,1,6.48,1000.00,5.00,1000.00,0.00,8.08,8.08,8.08
180.24ms,8.07,149.59,0.00,141.52,1,6.48,1000.00,5.00,1000.00,0.00,8.07,8.07,8.07
184.67ms,8.07,157.66,0.00,149.59,1,6.47,1000.00,5.00,1000.00,0.00,8.07,8.07,8.07
178.81ms,8.06,165.72,0.00,157.66,1,6.46,1000.00,5.00,1000.00,0.00,8.06,8.06,8.06
184.36ms,8.06,173.78,0.00,165.72,1,6.46,1000.00,5.00,1000.00,0.00,8.06,8.06,8.06
184.88ms,8.05,181.83,0.00,173.78,1,6.45,1000.00,5.00,1000.00,0.00,8.05,8.05,8.05
183.24ms,8.05,189.88,0.00,181.83,1,6.45,1000.00,5.00,1000.00,0.00,8.05,8.05,8.05
190.04ms,8.04,197.92,0.00,189.88,1,6.44,1000.00,5.00,1000.00,0.00,8.04,8.04,8.04
185.02ms,8.04,205.96,0.00,197.92,1,6.44,1000.00,5.00,1000.00,0.00,8.04,8.04,8.04
185.32ms,8.04,214.00,0.00,205.96,1,6.44,1000.00,5.00,1000.00,0.00,8.04,8.04,8.04
183.82ms,8.03,222.03,0.00,214.00,1,6.43,1000.00,5.00,1000.00,0.00,8.03,8.03,8.03
184.86ms,8.03,230.06,0.00,222.03,1,6.43,1000.00,5.00,1000.00,0.00,8.03,8.03,8.03
184.00ms,8.03,238.09,0.00,230.06,1,6.43,1000.00,5.00,1000.00,0.00,8.03,8.03,8.03
181.51ms,8.03,246.12,0.00,238.09,1,6.43,1000.00,5.00,1000.00,0.00,8.03,8.03,8.03
187.13ms,8.02,254.14,0.00,246.12,1,6.42,1000.00,5.00,1000.00,0.00,8.02,8.02,8.02
184.48ms,8.02,262.16,0.00,254.14,1,6.42,1000.00,5.00,1000.00,0.00,8.02,8.02,8.02
181.16ms,8.02,270.18,0.00,262.16,1,6.42,1000.00,5.00,1000.00,0.00,8.02,8.02,8.02
178.26ms,8.02,278.20,0.00,270.18,1,6.42,1000.00,5.00,1000.00,0.00,8.02,8.02,8.02
178.22ms,8.02,286.21,0.00,278.20,1,6.42,1000.00,5.00,1000.00,0.00,8.02,8.02,8.02
182.69ms,8.01,294.23,0.00,286.21,1,6.42,1000.00,5.00,1000.00,0.00,8.01,8.01,8.01
180.96ms,8.01,302.24,0.00,294.23,1,6.41,1000.00,5.00,1000.00,0.00,8.01,8.01,8.01
183.07ms,8.01,310.25,0.00,302.24,1,6.41,1000.00,5.00,1000.00,0.00,8.01,8.01,8.01
178.76ms,8.01,318.27,0.00,310.25,1,6.41,1000.00,5.00,1000.00,0.00,8.01,8.01,8.01
179.27ms,8.01,326.28,0.00,318.27,1,6.41,1000.00,5.00,1000.00,0.00,8.01,8.01,8.01
183.94ms,8.01,334.29,0.00,326.28,1,6.41,1000.00,5.00,1000.00,0.00,8.01,8.01,8.01
180.62ms,8.01,342.30,0.00,334.29,1,6.41,1000.00,5.00,1000.00,0.00,8.01,8.01,8.01
192.19ms,8.01,350.30,0.00,342.30,1,6.41,1000.00,5.00,1000.00,0.00,8.01,8.01,8.01
190.69ms,8.01,358.31,0.00,350.30,1,6.41,1000.00,5.00,1000.00,0.00,8.01,8.01,8.01
192.97ms,8.01,366.32,0.00,358.31,1,6.41,1000.00,5.00,1000.00,0.00,8.01,8.01,8.01
191.29ms,8.01,374.33,0.00,366.32,1,6.41,1000.00,5.00,1000.00,0.00,8.01,8.01,8.01
184.82ms,8.01,382.33,0.00,374.33,1,6.41,1000.00,5.00,1000.00,0.00,8.01,8.01,8.01
189.77ms,8.01,390.34,0.00,382.33,1,6.41,1000.00,5.00,1000.00,0.00,8.01,8.01,8.01
184.08ms,8.00,398.34,0.00,390.34,1,6.41,1000.00,5.00,1000.00,0.00,8.00,8.00,8.00
191.58ms,8.00,406.35,0.00,398.34,1,6.40,1000.00,5.00,1000.00,0.00,8.00,8.00,8.00
192.82ms,8.00,414.35,0.00,406.35,1,6.40,1000.00,5.00,1000.00,0.00,8.00,8.00,8.00
184.18ms,8.00,422.36,0.00,414.35,1,6.40,1000.00,5.00,1000.00,0.00,8.00,8.00,8.00
193.73ms,8.00,430.36,0.00,422.36,1,6.40,1000.00,5.00,1000.00,0.00,8.00,8.00,8.00
196.07ms,8.00,438.36,0.00,430.36,1,6.40,1000.00,5.00,1000.00,0.00,8.00,8.00,8.00
192.96ms,8.00,446.37,0.00,438.36,1,6.40,1000.00,5.00,1000.00,0.00,8.00,8.00,8.00
186.49ms,8.00,454.37,0.00,446.37,1,6.40,1000.00,5.00,1000.00,0.00,8.00,8.00,8.00
198.99ms,8.00,462.37,0.00,454.37,1,6.40,1000.00,5.00,1000.00,0.00,8.00,8.00,8.00
196.32ms,8.00,470.38,0.00,462.37,1,6.40,1000.00,5.00,1000.00,0.00,8.00,8.00,8.00
194.74ms,8.00,478.38,0.00,470.38,1,6.40,1000.00,5.00,1000.00,0.00,8.00,8.00,8.00
193.45ms,8.00,486.38,0.00,478.38,1,6.40,1000.00,5.00,1000.00,0.00,8.00,8.00,8.00
194.64ms,8.00,494.39,0.00,486.38,1,6.40,1000.00,5.00,1000.00,0.00,8.00,8.00,8.00
194.27ms,8.00,502.39,0.00,494.39,1,6.40,1000.00,5.00,1000.00,0.00,8.00,8.00,8.00
194.08ms,8.00,510.39,0.00,502.39,1,6.40,1000.00,5.00,1000.00,0.00,8.00,8.00,8.00
191.13ms,8.00,518.39,0.00,510.39,1,6.40,1000.00,5.00,1000.00,0.00,8.00,8.00,8.00
188.80ms,8.00,526.40,0.00,518.39,1,6.40,1000.00,5.00,1000.00,0.00,8.00,8.00,8.00
192.31ms,8.00,534.40,0.00,526.40,1,6.40,1000.00,5.00,1000.00,0.00,8.00,8.00,8.00
189.14ms,8.00,542.40,0.00,534.40,1,6.40,1000.00,5.00,1000.00,0.00,8.00,8.00,8.00
190.09ms,8.00,550.41,0.00,542.40,1,6.40,1000.00,5.00,1000.00,0.00,8.00,8.00,8.00
190.33ms,8.00,558.41,0.00,550.41,1,6.40,1000.00,5.00,1000.00,0.00,8.00,8.00,8.00
187.81ms,8.00,566.41,0.00,558.41,1,6.40,1000.00,5.00,1000.00,0.00,8.00,8.00,8.00
189.33ms,8.00,574.42,0.00,566.41,1,6.40,1000.00,5.00,1000.00,0.00,8.00,8.00,8.00
192.96ms,8.00,582.42,0.00,574.42,1,6.40,1000.00,5.00,1000.00,0.00,8.00,8.00,8.00
190.83ms,8.00,590.42,0.00,582.42,1,6.40,1000.00,5.00,1000.00,0.00,8.00,8.00,8.00
194.80ms,8.00,598.42,0.00,590.42,1,6.40,1000.00,5.00,1000.00,0.00,8.00,8.00,8.00
192.22ms,8.00,606.43,0.00,598.42,1,6.40,1000.00,5.00,1000.00,0.00,8.00,8.00,8.00
202.36ms,8.00,614.43,0.00,606.43,1,6.40,1000.00,5.00,1000.00,0.00,8.00,8.00,8.00
193.50ms,8.00,622.43,0.00,614.43,1,6.40,1000.00,5.00,1000.00,0.00,8.00,8.00,8.00
201.78ms,8.00,630.44,0.00,622.43,1,6.40,1000.00,5.00,1000.00,0.00,8.00,8.00,8.00
212.61ms,8.00,638.44,0.00,630.44,1,6.40,1000.00,5.00,1000.00,0.00,8.00,8.00,8.00
197.90ms,8.00,646.44,0.00,638.44,1,6.40,1000.00,5.00,1000.00,0.00,8.00,8.00,8.00
191.11ms,8.00,654.44,0.00,646.44,1,6.40,1000.00,5.00,1000.00,0.00,8.00,8.00,8.00
192.41ms,8.00,662.45,0.00,654.44,1,6.40,1000.00,5.00,1000.00,0.00,8.00,8.00,8.00
192.73ms,8.00,670.45,0.00,662.45,1,6.40,1000.00,5.00,1000.00,0.00,8.00,8.00,8.00
193.30ms,8.00,678.45,0.00,670.45,1,6.40,1000.00,5.00,1000.00,0.00,8.00,8.00,8.00
212.93ms,8.00,686.46,0.00,678.45,1,6.40,1000.00,5.00,1000.00,0.00,8.00,8.00,8.00
335.36ms,8.00,694.46,0.00,686.46,1,6.40,1000.00,5.00,1000.00,0.00,8.00,8.00,8.00
270.54ms,8.00,702.46,0.00,694.46,1,6.40,1000.00,5.00,1000.00,0.00,8.00,8.00,8.00
237.13ms,8.00,710.46,0.00,702.46,1,6.40,1000.00,5.00,1000.00,0.00,8.00,8.00,8.00
205.62ms,8.00,718.47,0.00,710.46,1,6.40,1000.00,5.00,1000.00,0.00,8.00,8.00,8.00
198.93ms,8.00,726.47,0.00,718.47,1,6.40,1000.00,5.00,1000.00,0.00,8.00,8.00,8.00
196.94ms,8.00,734.47,0.00,726.47,1,6.40,1000.00,5.00,1000.00,0.00,8.00,8.00,8.00
199.45ms,8.00,742.48,0.00,734.47,1,6.40,1000.00,5.00,1000.00,0.00,8.00,8.00,8.00
197.84ms,8.00,750.48,0.00,742.48,1,6.40,1000.00,5.00,1000.00,0.00,8.00,8.00,8.00
197.81ms,8.00,758.48,0.00,750.48,1,6.40,1000.00,5.00,1000.00,0.00,8.00,8.00,8.00
199.78ms,8.00,766.49,0.00,758.48,1,6.40,1000.00,5.00,1000.00,0.00,8.00,8.00,8.00
203.38ms,8.00,774.49,0.00,766.49,1,6.40,1000.00,5.00,1000.00,0.00,8.00,8.00,8.00
201.44ms,8.00,782.49,0.00,774.49,1,6.40,1000.00,5.00,1000.00,0.00,8.00,8.00,8.00
197.73ms,8.00,790.49,0.00,782.49,1,6.40,1000.00,5.00,1000.00,0.00,8.00,8.00,8.00
198.00ms,8.00,798.50,0.00,790.49,1,6.40,1000.00,5.00,1000.00,0.00,8.00,8.00,8.00
196.43ms,8.00,806.50,0.00,798.50,1,6.40,1000.00,5.00,1000.00,0.00,8.00,8.00,8.00
