time,r,a,ld,s,qdel,min_c,max_c,min_b,max_b,min_if,max_if
5.76s,6.00,6.00,0.00,0.00,0,5.00,120.00,0.06,120.00,5.02,6.00
6.42s,6.00,12.00,0.00,6.00,1,5.00,120.00,0.06,120.00,5.02,6.00
4.72s,6.00,18.00,0.00,12.00,1,5.00,120.00,0.05,120.00,5.02,6.00
4.44s,6.00,24.00,0.00,18.04,0,5.02,120.00,0.06,120.00,4.00,5.96
5.96s,6.02,30.02,0.00,24.02,0,5.01,120.00,0.06,120.00,4.03,5.99
5.42s,10.01,40.03,0.00,30.03,0,5.03,120.00,0.06,120.00,4.02,10.00
5.86s,5.03,45.06,0.00,40.03,0,5.65,120.00,0.04,120.00,4.04,5.02
6.58s,11.30,56.35,0.00,45.06,0,5.51,120.00,0.06,120.00,6.00,11.30
9.58s,5.51,61.87,0.00,56.36,0,6.62,120.00,0.06,120.00,4.52,5.51
7.83s,13.24,75.11,0.00,61.87,1,6.61,120.00,0.00,120.00,7.65,13.24
9.71s,6.61,81.72,0.00,75.11,1,7.51,120.00,0.06,120.00,6.61,6.61
3.74s,15.03,96.74,0.00,81.72,1,7.52,120.00,0.06,120.00,8.45,15.03
9.52s,7.52,104.26,0.00,96.74,1,8.72,120.00,0.04,120.00,7.52,7.52
5.51s,9.72,113.98,0.00,104.26,1,8.74,120.00,0.04,120.00,9.72,9.72
7.75s,9.74,123.72,0.00,113.98,1,8.08,120.00,0.06,120.00,8.10,9.74
8.03s,4.04,127.76,0.00,123.72,1,8.43,120.00,0.04,120.00,4.04,4.04
5.16s,9.43,137.19,0.00,127.76,0,6.77,120.00,0.05,120.00,9.43,9.43
9.41s,13.54,150.73,0.00,137.19,0,6.61,120.00,0.05,120.00,6.29,13.54
8.50s,3.31,154.04,0.00,150.73,0,7.66,120.00,0.06,120.00,2.32,3.30
7.71s,15.33,169.36,0.00,154.04,1,7.66,120.00,0.06,120.00,12.04,15.33
9.88s,8.66,178.03,0.00,169.36,1,8.32,120.00,0.06,120.00,8.33,8.66
8.56s,9.32,187.35,0.00,178.03,1,8.20,120.00,0.06,120.00,8.19,9.32
7.81s,4.10,191.45,0.00,187.35,1,8.33,120.00,0.06,120.00,4.10,4.10
4.46s,9.33,200.78,0.00,191.45,1,8.36,120.00,0.04,120.00,9.33,9.33
7.58s,9.36,210.13,0.00,200.78,1,6.29,120.00,0.06,120.00,6.29,9.36
8.19s,3.15,213.28,0.00,210.16,0,6.45,120.00,0.06,120.00,2.19,3.12
6.07s,12.90,226.18,0.00,213.28,0,6.25,120.00,0.04,120.00,9.37,12.90
8.49s,7.25,233.43,0.00,226.20,0,6.95,120.00,0.06,120.00,5.99,7.23
7.10s,7.95,241.38,0.00,233.43,0,6.74,120.00,0.06,120.00,6.21,7.95
5.15s,7.74,249.12,0.00,241.40,0,7.05,120.00,0.06,120.00,6.09,7.72
9.28s,7.05,256.17,0.00,249.13,0,7.18,120.00,0.06,120.00,6.49,7.04
6.50s,8.18,264.35,0.00,256.23,0,6.03,120.00,0.06,120.00,5.02,8.13
7.71s,7.03,271.38,0.00,264.35,0,6.19,120.00,0.06,120.00,5.21,7.02
9.93s,6.19,277.57,0.00,271.38,0,6.00,120.00,0.06,120.00,5.03,6.19
7.09s,7.00,284.58,0.00,277.57,0,5.72,120.00,0.06,120.00,5.20,7.00
7.72s,5.72,290.29,0.00,284.58,0,5.68,120.00,0.06,120.00,4.69,5.72
6.83s,6.68,296.97,0.00,290.29,0,5.19,120.00,0.06,120.00,4.70,6.68
6.22s,6.19,303.16,0.00,296.97,0,5.12,120.00,0.06,120.00,4.16,6.19
10.05s,5.12,308.29,0.00,303.17,0,5.12,120.00,0.06,120.00,4.12,5.12
7.80s,10.24,318.53,0.00,308.29,0,5.01,120.00,0.06,120.00,4.88,10.24
4.77s,6.01,324.54,0.00,318.53,0,5.68,120.00,0.06,120.00,4.65,6.01
8.08s,6.68,331.22,0.00,324.54,0,5.52,120.00,0.06,120.00,5.06,6.68
6.30s,6.52,337.74,0.00,331.22,0,5.74,120.00,0.06,120.00,4.79,6.52
9.25s,5.74,343.48,0.00,337.74,0,5.91,120.00,0.06,120.00,5.11,5.74
7.16s,6.91,350.39,0.00,343.48,0,5.01,120.00,0.06,120.00,4.27,6.91
5.81s,6.01,356.40,0.00,350.39,0,5.20,120.00,0.06,120.00,4.18,6.01
7.65s,10.40,366.79,0.00,356.40,0,5.08,120.00,0.06,120.00,4.06,10.40
5.88s,5.08,371.87,0.00,366.79,0,5.85,120.00,0.06,120.00,4.08,5.07
7.83s,11.70,383.56,0.00,371.87,0,5.85,120.00,0.06,120.00,6.63,11.69
9.44s,5.85,389.41,0.00,383.56,0,6.82,120.00,0.06,120.00,4.89,5.85
7.81s,13.63,403.04,0.00,389.41,0,6.81,120.00,0.06,120.00,7.78,13.63
8.89s,3.40,406.45,0.00,403.04,0,7.81,120.00,0.06,120.00,2.45,3.40
6.24s,15.62,422.06,0.00,406.45,1,7.85,120.00,0.06,120.00,12.20,15.62
14.60s,7.85,429.92,0.00,422.06,1,8.16,120.00,0.06,120.00,7.85,7.85
3.67s,16.33,446.25,0.00,429.92,1,8.19,120.00,0.06,120.00,8.48,16.33
7.67s,4.10,450.34,0.00,446.25,1,9.96,120.00,0.03,120.00,4.10,4.10
3.79s,10.96,461.30,0.00,450.34,1,9.98,120.00,0.06,120.00,10.96,10.96
6.53s,10.98,472.28,0.00,461.30,1,8.16,120.00,0.06,120.00,9.44,10.98
8.70s,4.08,476.36,0.00,472.28,1,8.49,120.00,0.04,120.00,4.08,4.08
4.45s,9.49,485.86,0.00,476.36,1,7.34,120.00,0.06,120.00,9.49,9.49
4.16s,14.67,500.53,0.00,485.86,1,7.34,120.00,0.06,120.00,8.37,14.67
12.65s,8.34,508.87,0.00,500.53,1,8.06,120.00,0.06,120.00,8.08,8.34
8.19s,4.03,512.90,0.00,508.87,1,8.14,120.00,0.03,120.00,4.03,4.03
4.20s,16.28,529.18,0.00,512.90,1,8.13,120.00,0.00,120.00,12.24,16.28
12.63s,9.13,538.30,0.00,529.18,1,8.66,120.00,0.06,120.00,8.66,9.13
7.49s,4.33,542.63,0.00,538.30,1,8.49,120.00,0.06,120.00,4.33,4.33
4.16s,16.98,559.61,0.00,542.63,1,8.50,120.00,0.06,120.00,12.63,16.98
8.55s,9.50,569.11,0.00,559.61,1,9.34,120.00,0.06,120.00,9.35,9.50
7.70s,9.34,578.45,0.00,569.11,1,8.82,120.00,0.06,120.00,8.83,9.34
7.77s,4.41,582.86,0.00,578.45,1,8.99,120.00,0.04,120.00,4.41,4.41
4.59s,9.99,592.85,0.00,582.86,1,9.00,120.00,0.06,120.00,9.99,9.99
7.94s,17.99,610.84,0.00,592.85,1,6.70,120.00,0.06,120.00,6.68,17.99
9.39s,6.70,617.54,0.00,610.84,1,9.36,120.00,0.04,120.00,6.70,6.70
4.43s,18.71,636.25,0.00,617.54,1,9.33,120.00,0.06,120.00,11.99,18.71
7.51s,9.33,645.58,0.00,636.29,0,10.87,120.00,0.06,120.00,8.35,9.29
7.48s,11.87,657.45,0.00,645.60,0,10.89,120.00,0.06,120.00,11.85,11.85
8.76s,11.89,669.34,0.00,657.46,0,10.00,120.00,0.06,120.00,9.01,11.88
5.48s,5.00,674.34,0.00,669.34,0,10.40,120.00,0.06,120.00,4.02,4.99
8.43s,11.40,685.74,0.00,674.34,0,8.29,120.00,0.06,120.00,11.40,11.40
9.13s,8.29,694.03,0.00,685.74,0,8.03,120.00,0.06,120.00,7.71,8.29
7.28s,9.03,703.07,0.00,694.03,1,7.33,120.00,0.06,120.00,7.34,9.03
7.24s,7.33,710.40,0.00,703.07,1,7.19,120.00,0.06,120.00,7.21,7.33
8.36s,7.19,717.58,0.00,710.40,1,7.26,120.00,0.05,120.00,7.19,7.19
6.61s,8.26,725.84,0.00,717.59,0,6.39,120.00,0.06,120.00,5.58,8.25
10.90s,6.39,732.23,0.00,725.84,1,6.38,120.00,0.06,120.00,6.39,6.39
7.07s,7.38,739.61,0.00,732.23,1,5.84,120.00,0.06,120.00,5.89,7.38
8.47s,5.84,745.45,0.00,739.61,1,5.86,120.00,0.06,120.00,5.84,5.84
6.68s,6.86,752.31,0.00,745.45,0,5.60,120.00,0.06,120.00,5.36,6.86
6.14s,6.60,758.91,0.00,752.31,1,5.31,120.00,0.06,120.00,5.31,6.60
8.91s,10.61,769.52,0.00,758.91,1,5.38,120.00,0.06,120.00,5.35,10.61
7.92s,2.69,772.21,0.00,769.52,1,6.03,120.00,0.06,120.00,2.69,2.69
4.33s,12.06,784.26,0.00,772.21,0,6.03,120.00,0.06,120.00,9.37,12.06
13.28s,7.03,791.29,0.00,784.26,1,6.40,120.00,0.06,120.00,6.43,7.03
7.95s,3.20,794.49,0.00,791.29,1,6.48,120.00,0.05,120.00,3.20,3.20
4.12s,12.96,807.45,0.00,794.49,1,6.37,120.00,0.06,120.00,9.57,12.96
9.36s,7.37,814.82,0.00,807.45,1,7.05,120.00,0.06,120.00,7.08,7.37
8.08s,8.05,822.87,0.00,814.82,1,6.79,120.00,0.06,120.00,6.79,8.05
8.60s,13.59,836.45,0.00,822.87,1,7.11,120.00,0.02,120.00,7.11,13.59
8.22s,8.11,844.56,0.00,836.45,1,8.39,120.00,0.04,120.00,8.11,8.11
7.46s,9.39,853.95,0.00,844.56,1,7.48,120.00,0.06,120.00,7.45,9.39
